,Sentences,Epoch-10
0,"Meillä on nyt 4 kuukauden ikäisiä hiiriä, jotka olivat ennen diabeetikkoja, mutta eivät ole enää, hän lisäsi.",1.5626041977735667
1,"Tohtori Ehud Ur, Dalhousien yliopiston lääketieteen professori Nova Scotian Halifaxissa ja Kanadan diabetesliiton kliinisen ja tiedeosaston puheenjohtaja, varoitti, että tutkimus on vasta varhaisessa vaiheessa.",2.050336988439163
2,"Eräiden muiden asiantuntijoiden tapaan hän suhtautuu epäilyksellä siihen, voidaanko diabetes parantaa. Hän huomauttaa, että näillä löydöksillä ei ole merkitystä ihmisille, joilla on jo 1-tyypin diabetes.",1.4753877804524809
3,"Maanantaina Ruotsin akatemian Nobelin kirjallisuuskomitean vakituinen sihteeri Sara Danius ilmoitti julkisesti Ruotsin radion ohjelmassa, että komitea, joka ei pystynyt tavoittamaan Bob Dylania vuoden 2016 kirjallisuuspalkinnon voittamisen tiimoilta, oli luopunut yrityksistään tavoittaa hänet.",1.570739461153741
4,"Danius sanoi: ""Juuri nyt emme tee mitään. Olen soittanut ja lähettänyt sähköposteja hänen lähimmälle yhteistyökumppanilleen ja saanut hyvin ystävällisiä vastauksia. Tällä hetkellä se riittää hyvin.""",1.3301777228823493
5,"Aikaisemmin Ring-yhtiön toimitusjohtaja Jamie Siminoff huomautti yhtiön aloittaneen siksi, ettei hänen myymälänsä ovikelloa pystynyt kuulemaan autotalliin saakka.",1.7266378708992949
6,Hän sanoi rakentaneensa Wi-Fi-ovikellon.,2.2294477010426923
7,"Siminoff sanoi, että myynti kasvoi hänen esiinnyttyään vuonna 2013 Leijonanluola (Shark Tank) -ohjelmassa, vaikka tuomaristo hylkäsi hänen startupinsa rahoittamisen.",2.205073043963841
8,Vuoden 2017 lopulla Siminoff esiintyi QVC-ostostelevisiokanavalla.,2.7972545808874747
9,"Ring myös sopi kanteen ADT Corporationin, kilpailevan turvallisuusyrityksen, kanssa.",2.2132784753116534
10,"Vaikka eräs kokeellinen rokote tuntuukin voivan vähentää ebolan kuolleisuusastetta, tähän mennessä minkään lääkkeen ei ole osoitettu selvästi soveltuvan jo saadun tartunnan hoitamiseen.",1.7845539214180757
11,"Yksi vasta-ainesekoitus, ZMapp, vaikutti ensi alkuun lupaavalta kentällä, mutta viralliset tutkimukset osoittivat, ettei se auttanut ehkäisemään kuolemantapauksia toivotussa määrin.",1.801128138922054
12,"PALM-kokeessa ZMappia käytettiin verrokkina, eli tieteilijät vertasivat sitä kolmeen muuhun hoitomuotoon.",2.1469778989220747
13,Yhdysvaltain voimisteluliitto tukee Yhdysvaltain olympiakomitean kirjettä ja hyväksyy olympiaperheen vastaansanomattoman tarpeen edistää turvallista ympäristöä kaikille urheilijoillemme.,1.5888204959395733
14,"Olemme samaa mieltä Yhdysvaltojen olympiakomitean lausunnon kanssa siitä, että urheilijoidemme, joukkueidemme ja heidän urheilulajiensa edun kannalta olisi parempi edetä järjestön sisäisen, mielekkään muutoksen kautta kuin menettämällä asemamme lajiliittona.",1.490790370497617
15,"Yhdysvaltain voimisteluliitto tukee yksityistä tutkimusta, joka voi auttaa ymmärtämään, kuinka niin räikeä väärinkäyttö kuin se, josta Larry Nassarin uhrit ovat rohkeasti kertoneet, on voinut jäädä huomaamatta niin pitkään. Liitto myös toivottaa tervetulleiksi kaikki tarvittavat muutokset.",1.3819713211240412
16,"Yhdysvaltain voimisteluliitolla ja Yhdysvaltojen olympiakomitealla on sama tavoite – voimistelun ja muun urheilun tekeminen mahdollisimman turvalliseksi, jotta urheilijat voivat tavoitella unelmiaan turvallisessa, positiivisessa ja voimaannuttavassa ympäristössä.",1.3587231030476687
17,Brzezinski työskenteli 1960-luvun ajan ensin John F. Kennedyn neuvonantajana ja sen jälkeen Lyndon B. Johnsonin hallinnossa.,1.7035441232794069
18,Vuoden 1976 vaaleissa hän toimi Carterin ulkopolitiikan neuvonantajana ja seurasi sen jälkeen Henry Kissingeriä kansallisen turvallisuuden neuvonantajana (NSA) vuodesta 1977 vuoteen 1981.,1.6592557714365295
19,"Hän avusti kansallisen turvallisuuden neuvonantajana Carteria maailman asioiden hoitamisessa diplomaattisesti, esimerkiksi Camp Davidin rauhassa vuonna 1978, Yhdysvaltojen ja Kiinan suhteiden normalisoinnissa 1970-luvun lopulla, vuoden 1979 panttivankikriisiin johtaneen Iranin vallankumouksen käsittelyssä ja Neuvostoliiton hyökättyä Afganistaniin vuonna 1979.",1.4615415190986156
20,"Elokuva, jonka pääosissa ovat Ryan Gosling ja Emma Stone, sai ehdokkuuksia kaikissa tärkeimmissä palkintoluokissa.",2.093472371067322
21,Gosling ja Stone olivat ehdolla parhaasta miespääosasta ja parhaasta naispääosasta.,1.886651834928347
22,"Muita ehdokkuuksia olivat muun muassa: paras elokuva, ohjaus, kuvaus, puvustus, leikkaus, musiikki, lavastus, äänitehosteet, äänitys ja paras alkuperäinen käsikirjoitus.",1.693241939282124
23,"Elokuvan lauluista kaksi, Audition (The Fools Who Dream) ja City of Stars, oli ehdolla parhaasta alkuperäisestä musiikkikappaleesta. Lionsgate-studio sai 26 ehdokkuutta – enemmän kuin mikään muu studio.",2.3755655561482847
24,"Myöhään sunnuntaina Yhdysvaltojen presidentti Donald Trump ilmoitti lehdistösihteerinsä välityksellä antamallaan lausunnolla, että Yhdysvaltojen joukot poistuvat Syyriasta.",1.5118113966209368
25,Ilmoitus annettiin Trumpin keskusteltua ensin puhelimessa Turkin presidentin Recep Tayyip Erdoğanin kanssa.,2.182276554162657
26,"Lisäksi Turkki ryhtyi vartioimaan vangittuja Isis-taistelijoita, joita Euroopan maat ovat lausunnon mukaan kieltäytyneet palauttamasta kotimaihinsa.",1.7811402387107358
27,"Tämä vahvistaa jo entuudestaan laajalle levinneen teorian, jonka mukaan ainakin joillain dinosauruksilla oli höyheniä, mutta lisäksi saatiin tietoja, joita fossiileista ei yleensä löydy, esimerkiksi väristä ja kolmiulotteisesta rakenteesta.",1.4899993505602016
28,Eläimen höyhenpeite oli tutkijoiden mukaan päältä kastanjanruskea ja alta vaalea tai karotenoidinvärinen.,2.224373944221718
29,Lisäksi löytö auttaa ymmärtämään lintujen sulkien evoluutiota.,1.837736216285323
30,"Koska dinosauruksen höyhenissä ei ole hyvin kehittynyttä ruodiksi kutsuttua vartta, mutta niillä on muita höyhenten ominaisuuksia – kuten väkäsiä ja höytysäteitä – tutkijat päättelivät, että ruoti on todennäköisesti näitä muita ominaisuuksia myöhäisempi evoluution kehitysvaihe.",1.7337181536080517
31,"Sulkien rakenne viittaa siihen, että niitä ei käytetty lentämiseen vaan lämmönsäätelyyn tai soidinmenoihin. Vaikka kyseessä olikin nuoren dinosauruksen häntä, tutkijat esittivät näytteen olevan peräisin aikuisen yksilön höyhenpuvusta eikä poikasen untuvista.",1.6268802367925623
32,"Vaikka kyseessä olikin nuoren dinosauruksen häntä, tutkijat esittivät näytteen olevan peräisin aikuisen yksilön höyhenpuvusta eikä poikasen untuvista.",1.6795211865715454
33,Autopommi räjähti eilen aamulla Gaziantepin pääpoliisiasemalla Turkissa surmaten kaksi poliisia ja haavoittaen yli kahtakymmentä ihmistä.,1.8028915680852773
34,"Maakunnan kuvernöörin toimistosta ilmoitettiin, että loukkaantuneista yhdeksäntoista oli poliiseja.",1.2688030838034368
35,"Poliisi sanoi epäilevänsä, että hyökkäyksen takana olisi joku Daeshin (Isil) taistelija.",1.821125790925779
36,"Heille selvisi, että Aurinko noudattaa samoja perusperiaatteita kuin muutkin tähdet: kaikkien heidän järjestelmänsä tähtien aktiivisuuden todettiin johtuvan luminositeetista ja pyörimis- ja kiertoliikkeestä, ei mistään muusta.",1.5638908314154538
37,"Luminositeettia ja pyörimisliikettä käytetään yhdessä määrittämään tähden Rossbyn luku, joka liittyy plasmavirtaukseen.",2.1969045091003787
38,"Mitä pienempi Rossbyn luku, sitä harvemmin tähdessä tapahtuu napaisuuskäännöksiä.",2.1261889165964583
39,Iwasaki kohtasi moneen otteeseen vaikeuksia matkansa aikana.,2.0572295027412615
40,"Merirosvot ryöstivät hänet, hänen kimppuunsa hyökkäsi vesikauhuinen koira Tiibetissä, hän oli vähällä joutua naimisiin Nepalissa, ja hänet pidätettiin Intiassa.",1.4584496148108415
41,"802.11n-standardi toimii sekä 2,4 gigahertsin että 5,0 gigahertsin taajuudella.",2.843888813324497
42,"Siten se on taaksepäin yhteensopiva 802.11a:n, 802.11b:n and 802.11g:n kanssa, mikäli tukiasemassa on kaksi radiota.",2.664988882417645
43,802.11n on huomattavasti edeltäjiään nopeampi. Sen teoreettinen maksiminopeus on 600 megabittiä sekunnissa.,2.0783388037527994
44,"Duvall, joka on naimisissa ja jolla on kaksi aikuista lasta, ei tehnyt suurta vaikutusta Milleriin, jolle juttu kerrottiin.",1.4820400180871702
45,"Kommenttia pyydettäessä Miller sanoi: ""Mike puhuu paljon kuulemisten aikana... Olin itse valmistautumassa, joten en varsinaisesti kuunnellut, mitä hän sanoi.""",1.5686084247637087
46,"Pyrimme vuoteen 2020 mennessä leikkaamaan hiilidioksidipäästöjä BKT-yksikköä kohden huomattavasti vuoden 2005 tasosta, Hu sanoi.",1.8896820780650239
47,"Hän ei antanut tarkkaa lukua, vaan sanoi, että vähennykset tehdään Kiinan kokonaistuotannon perusteella.",1.4260972863017567
48,"Hän kehotti kehitysmaita ""välttämään vanhaa tapaa saastuttaa ensin ja siivota jäljet myöhemmin.""",1.9020086479278644
49,"Hän lisäsi, ettei ""niille pitäisi kuitenkaan sälyttää velvollisuuksia, jotka ylittävät niiden kehitysasteen, vastuun ja kapasiteetin.""",1.8143705980264344
50,Bakerin-Hamiltonin komissio julkaisi raporttinsa tänään kello 12 Greenwichin aikaa.,2.236893318180622
51,"Raportissa varoitetaan, ettei kukaan voi taata minkäänlaisen toiminnan pystyvän tässä vaiheessa pysäyttämään sotimisen uskonlahkojen välillä, väkivallan lisääntymisen tai ajautumisen kaaosta kohti.",1.441554570677581
52,Raportti alkaa toivomalla avointa keskustelua ja konsensuksen muodostumista Yhdysvaltojen Lähi-idän politiikasta.,1.5843995890262224
53,"Raportissa kritisoidaan kärkkäästi lähes kaikkia toimeenpanevan elimen nykypolitiikan näkökohtia Irakin suhteen, ja siinä kehotetaan välittömään suunnanmuutokseen.",1.9057743364400135
54,"Ensimmäinen sen 78 suosituksesta kuuluu, että ennen kuluvan vuoden loppua tulisi tehdä uusi diplomaattinen aloite, jonka tarkoituksena on Irakin rajojen turvaaminen vihollisuuksilta ja diplomaattisuhteiden palauttaminen sen rajanaapureiden kanssa.",1.61589321778062
55,"Cristina Fernández de Kirchner, joka on senaattori ja Argentiinan presidentin puoliso, ilmoitti presidenttiehdokkuudestaan eilen illalla 50 kilometrin (31 mailin) päässä Buenos Airesista sijaitsevassa La Platan kaupungissa.",1.7358400029706942
56,"Kirchner ilmoitti aikeestaan asettua presidenttiehdokkaaksi Teatro Argentinossa, samassa paikassa, jossa hän käynnisti vuonna 2005 vaalikampanjansa yhdeksi Buenos Airesin maakunnan edustajiksi senaatissa.",1.6262159336095634
57,"Kiista hurrikaani Katrinan jälkeen jälleenrakennukseen ja hätäapuun käytetyistä varoista herätti keskustelua. Jotkut fiskaaliset konservatiivit ovat humoristisesti kutsuneet varoja nimellä ""Bushin New Orleans -diili"".",2.080201104632878
58,Liberaalien kritiikki jälleenrakennushankkeita kohtaan on keskittynyt jälleenrakennussopimusten myöntämiseen Washingtonin sisäpiiriläisinä pidetyille tahoille.,1.8239606841102085
59,Yli neljä miljoonaa ihmistä matkusti Roomaan osallistuakseen hautajaisiin.,1.2565276328373707
60,"Läsnäolijoiden määrä oli niin suuri, etteivät kaikki voineet päästä hautajaisiin Pietarinaukiolle.",1.7365163228014167
61,"Useita suuria televisionäyttöjä pystytettiin eri puolille Roomaa, jotta ihmiset saivat katsella hautajaistoimitusta.",1.8075089098132437
62,"Monissa muissa Italian kaupungeissa ja muualla maailmassa, erityisesti Puolassa, tehtiin samanlaisia järjestelyjä, joita katseli suuri määrä ihmisiä.",1.267960889227578
63,"Historioitsijat ovat kritisoineet FBI:n aiempia käytäntöjä resurssien keskittämisestä helposti ratkaistaviin tapauksiin, erityisesti varastettuihin autoihin, jotta viraston onnistumisaste paranisi.",1.5208553554384332
64,"Kongressi aloitti epäsiveellisyyden vastaisen hankkeen rahoittamisen verotusvuonna 2005 ja määräsi, että FBI:n on asetettava 10 agenttia tutkimaan aikuisten pornografiaa.",1.8639432111900045
65,Robin Uthappa keräsi sisävuoron korkeimman pistemäärän eli 70 juoksua vain 41 lyönnillä. Hän löi neljä juoksua yksitoista kertaa ja kuusi juoksua kaksi kertaa.,2.125317139143211
66,Keskivaiheen lyöjät Sachin Tendulkar ja Rahul Dravid suoriutuivat hyvin ja saivat yhdessä aikaan sata juoksua.,2.4944982068215125
67,Mutta menetettyään kapteenin portin Intia sai vain 36 juoksua ja menetti 7 porttia vuoroparien loppuun mennessä.,1.966127678442939
68,Yhdysvaltain presidentti George W. Bush saapui Singaporeen aamulla 16. marraskuuta aloittaen viikon kestävän Aasian kiertomatkansa.,1.5768537337714568
69,Singaporen varapääministeri Wong Kan Seng otti hänet vastaan. Bush myös keskusteli kauppa- ja terrorismikysymyksistä Singaporen pääministerin Lee Hsien Loongin kanssa.,2.243713196857719
70,Välivaaleissa koetun tappiollisen viikon jälkeen Bush kertoi yleisölle Aasian kaupan kasvusta.,2.025737948356768
71,"Tiistain 25 minuutin tapaamisen jälkeen NDP-puolueen puheenjohtajan Jack Laytonin kanssa pääministeri Stephen Harper on suostunut lähettämään hallituksen ""Puhtaan ilman esityksen"" kaikista puolueista koostuvalle komitealle tarkasteltavaksi ennen sen toista käsittelyä.",1.648475414270703
72,"Layton oli pyytänyt muutoksia konservatiivien ympäristölakiesitykseen tavatessaan pääministerin pyytäen konservatiivipuolueen ympäristölakiesityksen ""kokonaisvaltaista kirjoittamista uusiksi"".",1.7197689517675978
73,"Siitä saakka, kun liittovaltio ryhtyi vastaamaan Tasmanian Devonportissa sijaitsevan Mersey-sairaalan rahoituksesta, osavaltion hallitus ja eräät liittovaltion parlamentin jäsenet ovat arvostelleet ratkaisua näytösluontoiseksi tempaukseksi, joka ennakoi marraskuuhun mennessä määrättäviä liittovaltion parlamenttivaaleja.",1.6326247167943029
74,"Pääministeri John Howard on kuitenkin sanonut, että toimenpiteen ainoa tarkoitus oli estää Tasmanian viranomaisia alentamasta sairaalan tilojen luokitusta. Tätä varten myönnettiin ylimääräiset 45 miljoonaa Australian dollaria.",1.4532349656857133
75,Uusimman tiedotteen mukaan meren pinnan korkeuslukemat osoittavat tsunamin syntyneen. Lähellä Pago Pagoa ja Niuea havaittiin ilmeistä tsunamitoimintaa.,2.2140416856121714
76,"Tonga ei ole ilmoittanut suurista aineellisista tai henkilövahingoista, mutta sähköt katkesivat väliaikaisesti, mikä tiettävästi esti Tongan viranomaisia saamasta Tyynenmeren tsunamivaroituskeskuksen lähettämää tsunamivaroitusta.",1.7608966265481545
77,"Neljä havaijilaiskoulua rantaviivalla tai lähellä rantaviivaa suljettiin koko keskiviikoksi, vaikka varoitukset poistettiin.",1.8378182353663024
78,Yhdysvaltain presidentti George W. Bush piti ilmoitusta tervetulleena,1.6448458215751902
79,"Bushin tiedottaja Gordon Johndroe kutsui Pohjois-Korean sitoumusta ""huomattavaksi askeleeksi kohti tavoitetta saada Korean niemimaan todistetusti ydinaseettomaksi.""",2.086895808661456
80,"Atlantin hurrikaanikauden kymmenes nimen saanut myrsky, subtrooppinen myrsky Jerry, muodostui tänään Atlantin valtamerellä.",1.8971560917168222
81,"Kansallinen hurrikaanikeskus NHC toteaa, ettei Jerry aiheuta tässä vaiheessa vaaraa maalla.",1.9446210627404592
82,"Yhdysvaltain puolustusvoimien insinöörijoukot arvioivat, että kuuden tuuman sademäärä saattaisi murtaa aiemmin vaurioituneet tulvapadot.",1.7098222171276378
83,"Yhdeksäs kaupunginosa, jossa vesi nousi hurrikaani Katrinan aikana 20 jalan korkeuteen, peittyy tällä hetkellä vyötäisille asti nousevaan veteen sen ylitettyä rantavallit.",2.002347876438376
84,Vesi valuu penkereen yli 100 jalan levyisellä osuudella.,2.2804325573733544
85,Commonsin ylläpitäjä Adam Cuerden ilmaisi turhautumisensa poistoista puhuessaan Wikinewsille viime kuussa.,2.143842842044484
86,"Hän [Wales] suoraan sanoen valehteli meille alusta alkaen. Ensin toimimalla ikään kuin syyt olisivat oikeudellisia. Toiseksi teeskentelemällä kuuntelevansa meitä aina siihen asti, kun hän poisti taiteen.",1.6921285112382611
87,"Yhteisön ärtymys johti nykyisiin pyrkimyksiin laatia seksuaalista sisältöä koskevat käytännöt sivustolle, jolla on miljoonia avoimen lisenssin tiedostoja.",1.6617693111487502
88,"Tehty työ oli ensimmäkseen teoreettista, mutta ohjelma kirjoitettiin simuloimaan Sagittariuksen galaksista tehtyjä havaintoja.",1.878630593035447
89,Tiimi toivoi havaitsevansa vuoroveden vaikutuksia galaksin pimeän aineen ja Linnunradan pimeän aineen välillä.,1.7530963335504863
90,"Samoin kuin kuun vetovoima vaikuttaa maahan aiheuttaen vuoroveden, niin myös Linnunradan vetovoima vaikuttaa Jousimiehen kääpiöellipsigalaksiin.",2.1171900539078603
91,"Tutkijat pystyivät päättelemään, että pimeä aine vaikuttaa muuhun pimeään aineeseen samalla tavalla kuin tavallinen aine.",1.2690132355478916
92,Tämän teorian mukaan suurin osa galaksin pimeästä aineesta ympäröi sitä eräänlaisena sädekehänä ja koostuu suuresta määrästä pieniä hiukkasia.,1.5236502492232602
93,Tehtaasta näyttää television uutisraporteissa nousevanvalkoista savua.,1.9822688103984762
94,"Paikalliset viranomaiset kehottavat tehtaan lähellä asuvia pysymään sisätiloissa, sammuttamaan ilmastointilaitteet ja välttämään hanaveden juomista.",1.5259051930396474
95,Japanin ydinvoimaviraston mukaan laitoksella on havaittu radioaktiivista cesiumia ja jodia.,1.517845608126043
96,"Viranomaiset arvelevat sen tarkoittavan sitä, että voimalan uraanipolttoainetta sisältäneet säiliöt ovat saattaneet murtua ja alkaneet vuotaa.",1.6049880632430369
97,Tohtori Tony Moll löysi lääkkeille erittäin vastustuskykyisen tuberkuloosin (XDR-TB) Etelä-Afrikan KwaZulu-Natalin alueelta.,2.5602380398997764
98,Haastattelussa hän sanoi uuden variantin olevan erittäin huolestuttava ja hälyttävä erittäin korkean kuolleisuusasteen vuoksi.,1.432188790000522
99,"Jotkut potilaat ovat saattaneet saada tartunnan sairaalassa, Moll uskoo, ja ainakin kaksi heistä kuului sairaalan terveydenhoitohenkilöstön.",1.5712731230853785
100,Tartunnan saaja voi itse tartuttaa vuoden aikana 10–15 lähikontaktia.,2.170552259203738
101,XDR-TB:n prosenttiosuus kaikista tuberkuloosia sairastavista vaikuttaa kuitenkin edelleen alhaiselta – 6 000 Etelä-Afrikan vuotuisista yhteensä 330 000:sta tartunnan saaneesta.,1.8933960277756197
102,Satelliitit törmäsivät 491 mailia maapallon yläpuolella. Kumpikin painoi yli 1 000 naulaa ja liikkui noin 17 500 mailin tuntinopeudella.,1.70794618990552
103,Törmäyksen aiheuttama räjähdys oli tutkijoiden mukaan valtava.,1.4161071888048669
104,He yrittävät yhä määrittää törmäyksen todellisen suuruuden ja sen vaikutukset maapalloon.,1.4061628031045368
105,Yhdysvaltojen puolustusministeriön strateginen komentokeskus jäljittää satelliittien kappaleita.,1.2802163806230347
106,Liikerata-analyysin tulokset kerrotaan julkisella verkkosivustolla.,1.5888313791761592
107,Pittsburghin lastensairaalassa Pennsylvaniassa työskennellyttä lääkäriä aiotaan Ohion viranomaisten mukaan syyttää törkeästä murhasta. Hänen äitinsä löytyi keskiviikkona kuolleena autonsa tavaratilasta.,1.5967207686225722
108,"29-vuotias lääkäri Malar Balasubramanian löydettiin Ohion Blue Ashista, noin 15 mailia Cincinnatista pohjoiseen sijaitsevalta esikaupunkialueelta. Hän makasi maassa tien vieressä pukeutuneena pelkästään T-paitaan ja alusvaatteisiin. Hän vaikutti olevan vahvassa lääketokkurassa.",1.8685063071106904
109,"Hän ohjasi viranomaiset mustalle Oldsmobile Intriguelleen, joka oli 500 jalan päässä.",2.394168912560723
110,"Sieltä he löysivät 53-vuotiaan Saroja Balasubramanianin ruumiin, joka oli peitetty veritahraisilla huovilla.",2.2430587800240787
111,Poliisin mukaan ruumis vaikutti olleen siellä noin vuorokauden ajan.,1.316455485706017
112,Kuluvan kauden ensimmäiset tautitapaukset raportoitiin heinäkuun lopulla.,1.7464387553454424
113,"Tautia kantavat siat, joista se sitten siirtyy ihmisiin hyttysten kautta.",1.9136590416909889
114,"Epidemian puhkeaminen on saanut Intian viranomaiset ryhtymään sellaisiin toimenpiteisiin kuin lähettämään sianmetsästäjiä vakavasti kärsineille alueille, jakamaan tuhansia hyttysverkkoja ja ruiskuttamaan torjunta-aineita.",1.5321992823904875
115,"Hallitus on myös luvannut useita miljoonia ampulleja aivokuumerokotetta, jotka auttavat terveysviranomaisia valmistautumaan seuraavaa vuotta varten.",1.6148050146915678
116,Suunnitelmat toimittaa rokotteita aiemmin pahiten kärsineille alueille viivästyivät tänä vuonna rahanpuutteen vuoksi ja muiden tautien saadessa etusijan.,1.776978596145303
117,"Vuonna 1956 Słania muutti Ruotsiin, missä hän alkoi kolme vuotta myöhemmin työskennellä postilaitokselle tullen sen pääkaivertajaksi.",1.9115541126366888
118,Hän laati Ruotsiin yli 1 000 postimerkkiä ja 28 muihin maihin.,2.0034145823328657
119,"Hänen työnsä laadukkuus ja tarkkuus tunnustetaan niin laajalti, että filatelistit pitävät häntä yhtenä harvoista ""julkkiksista"". Jotkut ovat erikoistuneet keräilemään hänen töitään.",1.8189871518511456
120,"Hänen tuhannes postimerkkinsä oli vuonna 2000 julkaistu suurenmoinen David Klöcker Ehrenstrahlin maalaus ""Ruotsin kuninkaiden ylistettävät uroteot"", joka on mainittu Guinnessin ennätysten kirjassa.",2.3448029552698784
121,Hän osallistui myös setelien painolaattojen kaivertamiseen monille maille. Viimeaikaisia esimerkkejä hänen työstään ovat muun muassa pääministerin muotokuvat Kanadan uusien 5 ja 100 dollarin seteleiden etupuolella.,1.6922877850513647
122,"Gibson kuljetettiin onnettomuuden jälkeen sairaalaan, mutta hän kuoli pian sen jälkeen.",1.179798897405312
123,64-vuotias kuorma-auton kuljettaja ei itse loukkaantunut onnettomuudessa.,1.2634080371157785
124,Ajoneuvo poistettiin onnettomuuspaikalta noin kello 12 Greenwichin aikaa samana päivänä.,1.7159498320602011
125,"Lähellä onnettomuuspaikkaa sijaitsevalla huoltoasemalla työskennellyt silminnäkijä kertoi: ""Paikalla oli lapsia odottamassa tien yli pääsemistä, ja kaikki he huusivat ja itkivät.""",1.545638236954981
126,Kaikki juoksivat poispäin onnettomuuden tapahtumapaikalta.,1.1456900645554626
127,"Muita aiheita Balin asialistalla ovat muun muassa maailman jäljellä olevien metsien pelastaminen sekä teknologioiden jakaminen, jotta kehitysmaita voitaisiin auttaa viljelemään vähemmän saastuttavilla tavoilla.",1.4557506796053414
128,YK toivoo myös saavansa viimeisteltyä rahaston ilmastonlämpenemisestä kärsivien maiden auttamiseksi ja vaikutuksista selviämiseksi.,1.6728092771239094
129,"Rahoja voitaisiin käyttää tulvankestävään rakentamiseen, parempaan vedenkäyttöön ja viljelykasvien monipuolistamiseen.",1.7453475680320536
130,"Fluke kirjoitti, että jotkut olivat pyrkineet estämään naisia puhumasta naisten terveydestä mutta epäonnistuneet siinä.",1.4630140366771125
131,"Hän tuli tähän johtopäätökseen saatuaan hyvin paljon positiivisia kommentteja ja rohkaisun sanoja, joita sekä naiset että miehet olivat lähettäneet hänelle vaatien, että ehkäisyhoitoja tulisi pitää välttämättömänä sairaanhoitona.",1.4270791964344467
132,"Taistelun päätyttyä sen jälkeen, kun loukkaantuneet oli siirretty sairaalaan, jäljelle jääneistä vangeista noin 40 jäljelle jäi pihalle eikä suostunut palaamaan selliin.",1.4696107287379265
133,"Neuvottelijat yrittivät korjata tilanteen, mutta vankien vaatimukset eivät ole selviä.",1.2287400480806656
134,Pihalla olleet vangit sytyttivät tulipalon kello 22.00 ja kello 23.00 välillä Kalliovuorten aikaa.,1.7906055263495733
135,Pian rynnäkkövarusteissa olevat viranomaiset tulivat pihalle ja suihkuttivat vankeja kyynelkaasulla.,1.702552736278771
136,Lopulta palopelastushenkilöstö sammutti palon kello 23.35.,2.174441225448234
137,Sedimenttiä pitkin jokea levittäneet kausittaiset tulvat päättyivät padon valmistuessa vuonna 1963.,2.130684792474507
138,Tämä sedimentti oli välttämätön villieläinten elinympäristönä toimivien särkkien ja rantojen muodostumisen kannalta.,1.682896306321269
139,"Siksi kaksi kalalajia on kuollut sukupuuttoon ja kaksi muuta on uhanalaisia, mukaan lukien karppikaloihin kuuluva Gila cypha.",1.8779083384075248
140,"Vaikka vedenpinta nousee tulvan seurauksena vain muutaman jalan verran, viranomaiset toivovat, että se riittää alajuoksulla sijaitsevien, eroosion kuluttamien hiekkasärkkien palautumiseen.",1.6542216992567111
141,"Tsunamivaroitusta ei ole annettu ja Jakartan geofysiikan viraston mukaan tsunamivaroitus ei tullakaan antamaan, sillä järistys ei saavuttanut 6.5 magnitudin vaatimusta.",2.3584753360608826
142,"Vaikka tsunamin uhkaa ei ollut, asukkaat alkoivat joutua paniikkiin ja lähteä työpaikoiltaan ja kodeistaan.",1.6374424083938295
143,"Vaikka Winfrey kyynelehti sanoessaan hyvästit, hän teki faneilleen selväksi, että aikoo palata.",1.70071136474285
144,Nämä eivät ole jäähyväiset. Tämä on vain yhden luvun lopetus ja seuraavan aloitus.,1.3262671151840053
145,Namibian presidentti- ja parlamenttivaalien lopullisten tulosten mukaan nykyinen presidentti Hifikepunye Pohamba on valittu uudelleen suurella äänierolla.,2.026344799333838
146,Hallitseva puolue Swapo (Lounais-Afrikan kansanjärjestö) säilytti niin ikään enemmistönsä parlamenttivaaleissa.,2.289581195070798
147,"Koalition ja Afganistanin joukot lähtivät alueelle turvatakseen putoamispaikan, ja koalitio on lähettänyt avuksi lisää lentotukea.",1.8524275243251023
148,"Onnettomuus tapahtui korkealla vuoristoisessa maastossa, ja sen on uskottu aiheutuneen vihollisen tulituksesta.",1.555953158928469
149,Huono sää ja vaikeakulkuinen maasto ovat hankaloittaneet onnettomuuspaikan löytämistä.,1.7901961139356866
150,"Lääkintäalan hyväntekeväisyysjärjestö Mangola, Lääkärit ilman rajoja ja Maailman terveysjärjestö sanovat sen olevan pahimman maassa dokumentoidun epidemian.",1.7668538680219226
151,"Lääkärien ilman rajoja edustaja Richard Veerman sanoi: ""Angolaa on uhkaamassa sen kaikkien aikojen pahin epidemia, ja tilanne Angolassa on edelleen erittäin huono.""",1.7993494071619858
152,"Ottelut alkoivat kello 10.00 upean sään vallitessa, ja aamupäivän nopeasti päättynyttä tihkusadetta lukuun ottamatta päivä oli täydellinen seitsemän pelaajan rugbylle.",2.095854154914651
153,Ranking-listan ykköspaikkaa pitävä Etelä-Afrikka aloitti turnauksen hyvässä vireessä voitettuaan viidenneksi sijoitetun Sambian vaivattomasti luvuin 26–0.,2.1428718811812715
154,"Sambia vaikutti olevan pahan kerran ruosteessa ottelussaan etelän sisariaan vastaan, mutta Etelä-Afrikka paransi tasaisesti otteitaan turnauksen edetessä.",1.8338706077052451
155,"Kurinalainen puolustus, pallonkäsittelytaidot ja erinomainen ryhmäpelaaminen sai sen erottumaan joukosta, ja joukkue olikin ilmeinen ennakkosuosikki.",1.9100647138938895
156,"Amsterdamin kaupungin ja Anne Frankin talon edustajat ilmoittivat puun kärsivän sienitaudista. Heidän mukaansa se aiheuttaa vaaraa yleiselle terveydelle, koska se on välittömässä vaarassa kaatua.",1.6968546219073508
157,"Puu oli aiottu kaataa tiistaina, mutta se pelastui tuomioistuimen kiireellisellä päätöksellä.",1.670797916433215
158,"Kaikki ""Seitsemäksi sisareksi"" nimetyt luolien suut ovat halkaisijaltaan vähintään 100–250 metriä (328–820 jalkaa).",2.6620731160927686
159,Infrapunakuvien perusteella vuorokauden lämpötilavaihtelut vuorokauden osoittavat niiden olevan todennäköisesti luolia.,1.6339300366869463
160,Ne ovat päivällä ympäröivää pintaa viileämpiä päivisin yöllä ja lämpimämpiä.,1.7262559804616893
161,"Niiden lämpökäyttäytyminen ei ole yhtä tasaista kuin maapallon suurissa luolissa, joissa usein vallitsee melko tasainen lämpötila, mutta se sopii yhteen sen kanssa, että nämä ovat syviä reikiä maassa"", sanoi Glen Cushing, Yhdysvaltojen geologisen tutkimuslaitoksen (USGS) astrogeologian työryhmän jäsen ja Arizonan Flagstaffissa sijaitsevan Pohjois-Arizonan yliopiston opettaja.",1.8300786203911585
162,"Ranskassa äänestäminen ei perinteisesti ole ollut huipputeknologiaa: äänestäjät sulkeutuvat koppiin ja asettavat kirjekuoreen valmiiksi painetun paperiliuskan, johon he ovat merkinneet haluamansa ehdokkaan.",1.5331476296784385
163,Viranomaisten vahvistettua äänestäjän henkilöllisyyden äänestäjä pudottaa kirjekuoren vaaliuurnaan ja allekirjoittaa äänestysluettelon.,1.5382769138745087
164,Ranskan vaalilainsäädäntö on määrännyt tapahtumien kulun verrattain tarkasti.,1.9633873917586457
165,"Vuonna 1988 äänestyslaatikot määrättiin läpinäkyviksi, jotta äänestäjät ja tarkkailijat voivat todistaa, ettei kirjekuoria ole laatikossa äänestyksen alkaessa ja ettei laatikkoon lisätä muita kirjekuoria kuin virallisesti laskettuja ja auktorisoituja ääniä.",1.6327426530345817
166,Ehdokkaat voivat lähettää edustajia todistamaan tapahtumasarjan jokaista osuutta. Illalla vapaaehtoiset laskevat äänet tarkan valvonnan alla ja noudattaen määrättyjä menettelytapoja.,1.543627735208003
167,Asusin Eee-tietokoneesta tuli kuuma aihe Taipein vuoden 2007 IT-kuukauteen. Tietokone julkaistiin aiemmin maailmanlaajuisesti kustannusten säästämiseksi ja käytännön syistä.,1.8617381460819158
168,"Kannettavien tietokoneiden kuluttajamarkkinat voivat kuitenkin muuttua ratkaisevasti sen jälkeen, kun Kiinan tasavallan toimeenpaneva yuan myönsi Asusille Taiwanin vuoden 2007 kestävän kehityksen palkinnon.",1.730685179293483
169,"Aseman nettisivut kuvailevat ohjelmaa ""vanhan mallin radioteatteriksi, mutta uudella ja nörttimäisellä silauksella"".",1.9530719891201715
170,"Alkuaikoina ohjelmaa esitettiin vain pitkään toimineella nettiradiosivustolla nimeltä TogiNet Radio, joka keskittyy puheohjelmiin.",2.1063705236224277
171,TogiNet perusti loppuvuodesta 2015 AstroNet Radion tytärkanavakseen.,2.907069122150028
172,Alun perin kuunnelmassa käytettiin paikallisia amatöörinäyttelijöitä Itä-Teksasista.,1.9686148424018166
173,"Laajamittainen ryöstely jatkui tietojen mukaan yön yli, koska Biškekin kaduilla ei nähty poliisiviranomaisia.",2.004302904128329
174,"Eräs silminnäkijä kuvaili Biškekin vajoavan ""anarkian"" tilaan ihmisjoukkojen vaeltaessa kaduilla ja ryöstivät kaupoista kulutushyödykkeitä.",2.339483988694458
175,Useat Bishkekin asukkaat syyttivät etelästä tulleita mielenosoittajia laittomuuksista.,1.8959367431116025
176,"Etelä-Afrikka on voittanut Uuden-Seelannin ""All Blacks"" -joukkueen kolmen kansakunnan rugby union- ottelussa Royal Bafokengin stadionilla Etelä-Afrikan Rustenburgissa.",2.2321626854906658
177,Lopputulos oli yhden pisteen voitto 21–20 ja päätös All Blacksin viidentoista ottelun mittaiselle voittoputkelle,2.214380802207184
178,Springbokseille se tarkoitti viiden ottelun häviöputken päättämistä.,2.252441158278856
179,"Se oli viimeinen ottelu All Blacksille, joka oli voittanut pokaalin jo kaksi viikkoa aiemmin.",1.4336321099712381
180,"Sarjan viimeinen ottelu pelataan ensi viikolla Johannesburgin Ellis Parkissa, missä Springbokit kohtaavat Australian.",1.68926366871484
181,Voimakkuudeltaan keskinkertainen maanjäristys ravisteli läntistä Montanaa klo 22.08 maanantai-iltana.,1.8167176517435595
182,Yhdysvaltain geologian tutkimuskeskus (USGS) ei ole saanut välittömiä raportteja vahingoista kansalliseen maanjäristyskeskukseensa.,1.6236525079236979
183,Maanjäristyksen keskus sijaitsi noin 20 kilometriä (15 mailia) Dillonista pohjoiskoilliseen ja noin 65 kilometriä (40 mailia) Buttesta etelään.,2.104101503351321
184,"Lintuinfluenssan ihmisille hengenvaarallisen muunnoksen, H5N1:n, on vahvistettu tarttuneen sorsaan, joka löytyi maanantaina kuolleena maanantaina Lyonin lähistöllä sijaitsevalta suolta Itä-Ranskassa.",2.0641019944601684
185,"Ranska on Euroopan unionin seitsemäs viruksesta kärsivä valtio. Sitä edelsivät Itävalta, Saksa, Slovenia, Bulgaria, Kreikka ja Italia.",2.2072653027540117
186,Kroatian ja Tanskan epäiltyjä H5N1-virustartuntoja ei ole vielä vahvistettu.,2.2119097865140502
187,"Chambers oli haastanut Jumalan oikeuteen ""laajamittaisesta kuolemien ja tuhon aiheuttamisesta sekä miljoonien ja miljoonien Maan asukkaiden terrorisoinnista"".",1.7673592739571429
188,"Chambers, joka on agnostikko, väittää oikeusjuttunsa olevan perusteeton ja että kuka tahansa voi haastaa oikeuteen kenet tahansa.",1.5425771890523439
189,"Camille Saint-Saënsin kirjoittaman ranskalaisen oopperan tarina kertoo taiteilijasta, ""jonka elämää määrittelee intohimo huumeita ja Japania kohtaan"".",1.8603822881473115
190,"Sen seurauksena esiintyjät polttavat kannabissavukkeita lavalla, ja teatterissa kannustetaan yleisöä liittymään mukaan.",1.7322287759080006
191,"Entinen edustajainhuoneen puhemies Newt Gingrich tuli neljänneksi, Texasin kuvernööri Rick Perry viidenneksi ja kongressiedustaja Michele Bachmann kuudenneksi.",1.9950196561763531
192,"Tulosten valmistuttua Gingrich puhui kauniisti Santorumista mutta varasi ankaria sanoja Romneylle, jonka puolesta Iowassa oli lähetetty negatiivisia vaalimainoksia Gingrichiä vastaan.",2.0321614980070066
193,"Perry sanoi, että hän ""palaisi Teksasiin arvioimaan tämän illan puoluekokouksen tuloksia, määrittelemään onko minun mahdollista edetä tässä kilpailussa"" mutta myöhemmin hän sanoi, että pysyisi mukana kilpailussa ja olisi ehdolla tammikuun 21. päivän Etelä-Carolinan esivaaleissa.",1.5778214570766167
194,"Bachmann, joka voitti Amesin mielipidemittauksen elokuussa, päätti keskeyttää kampanjansa.",1.8176810597298865
195,"Valokuvaaja vietiin UCLA:n Ronald Reaganin sairaalaan, jossa hän myöhemmin kuoli.",1.5745102900992367
196,"Hän oli tietojen mukaan kaksissakymmenissään. Bieber totesi lausunnossaan: ""En ollut itse paikalla tai suoraan osallisena tässä traagisessa onnettomuudessa, mutta ajatukseni ja rukoukseni ovat silti uhrin perheen luona.""",1.6316889397765475
197,"Viihdeuutissivusto TMZ on siinä käsityksessä, että valokuvaaja pysäytti kulkuneuvonsa Sepulveda Boulevardin toiselle puolelle ja yritti ottaa kuvia poliisipysäytyksestä ennen kuin ylitti tien ja jatkoi lähemmäs. Tämän takia liikenteen pysäyttämisestä vastannut Kalifornian maantiepoliisin edustaja kehotti häntä kahdesti palaamaan takaisin.",1.7331470464888334
198,Poliisin mukaan valokuvaajaan osuneen auton kuljettaja ei tule todennäköisesti saamaan rikossyytettä.,1.5703403055339644
199,"Koska päivittäin jaetaan vain 18 mitalia, monet maat eivät ole päässeet palkintokorokkeelle.",1.6662021386289052
200,"Esimerkkejä ovat Alankomaat, jonka Anna Jochemsen tuli yhdeksänneksi naisten pystyluokassa eilisen supersuurpujottelussa, ja Suomi, jonka Katja Saarinen tuli kymmenenneksi samassa tapahtumassa.",2.279089537596652
201,Australian Mitchell Gourley tuli 11. sijalle miesten supersuurpujottelun pystyluokassa. Tšekkiläinen kilpailija Oldřich Jelínek tuli 16. sijalle kelkkalaskijamiesten supersuurpujottelussa.,2.9023716048136565
202,Meksikon Arly Velasquez pääsi 15.:ksi miesten supersuurpujottelun kelkkalaskijoiden luokassa. Uuden-Seelannin Adam Hall tuli pystyluokan yhdeksänneksi miesten supersuurpujottelussa.,2.626461333820555
203,Puolan miesten näkövammainen hiihtäjä Maciej Krezel ja opas Anna Ogarzynska tulivat maaliin kolmantenatoista supersuurpujottelussa. Etelä-Korean Jong Seork Park tuli maaliin kahtenakymmenentenäneljäntenä miesten kelkkasupersuurpujottelussa.,2.7638602613722316
204,Haitiin vuoden 2010 maanjäristyksen jälkeen saapuneita YK:n rauhanturvaajia syytetään heidän leirinsä lähellä puhjenneen taudin levittämisestä.,1.553729003053029
205,"Oikeuskanteen mukaan YK:n leirin jätteitä ei ollut desinfioitu asianmukaisesti, jolloin bakteereja pääsi yhteen Haitin suurimmista kuuluvan Artibonitejoen sivujokeen.",2.0046463550979445
206,Haiti ei ollut ennen rauhanturvaajien tuloa kohdannut tautiin liittyviä ongelmia sitten 1800-luvun.,1.656456398281175
207,"Haitilainen oikeuden ja demokratian instituutti on viitannut itsenäisiin tutkimuksiin, joiden mukaan YK:n nepalilainen rauhanturvaajapataljoona toi taudin vahingossa Haitiin.",1.9030608575539636
208,YK:n tautiasiantuntija Danielle Lantagne totesi rauhanturvaajien todennäköisesti aiheuttaneen epidemian.,1.9522805879147624
209,"Hamilton vahvisti, että Howardin yliopistollisen sairaalan vastaanottaman potilaan tila oli vakaa.",1.6222876081659499
210,"Potilas oli aiemmin ollut Nigeriassa, missä on ilmennyt jonkin verran ebolatapauksia.",1.7819446026078263
211,"Sairaala on noudattanut infektiohallinnan käytäntöä, jossa potilas erotetaan muista mahdollisten tartuntojen ehkäisemiseksi.",1.7125134956350627
212,Simon oli ennen Simpsoneita työskennellyt eri tehtävissä useissa ohjelmasarjoissa.,1.8607012731787342
213,"1980-luvulla hän työskenteli sellaisissa ohjelmissa kuin Taxi, Terveydeksi ja The Tracy Ullman Show.",2.0088194409352607
214,Hän auttoi vuonna 1989 luomaan Simpsonit Brooksin ja Groeningin kanssa. Hän oli myös vastuussa ohjelman ensimmäisen käsikirjoittajatiimin palkkaamisesta.,1.7497285588581
215,"Vaikka hän jätti sarjan 1993, hän piti hallussaan vastaavan tuottajan titteliä ja tienasi jokaisesta kaudesta rojalteina kymmeniä miljoonia dollareita.",1.5176376723524507
216,Kiinan uutistoimisto Xinhua ilmoitti aiemmin koneen olevan kaapattu.,2.105398176982483
217,"Sitten myöhempien tiedonantojen mukaan koneelle oli ilmoitettu pommiuhasta, ja se ohjattiin takaisin Afganistaniin laskeutuen Kandahariin.",1.6102490936270155
218,"Alustavien tietojen mukaan lentokone oli ohjattu takaisin Afganistaniin sen jälkeen, kun se ei ollut saanut lupaa hätälaskua Ürümqiin.",1.6805565548492247
219,"Ilmailuonnettomuudet ovat yleisiä Iranissa, jonka sekä siviili- että sotilaslentokoneet ovat vanhoja ja heikosti huollettuja.",1.8137038302218693
220,Uusia lentokoneita ei ole voitu hankkia kansainvälisten pakotteiden takia.,1.4982179570789507
221,Aiemmin tällä viikolla poliisihelikopterin onnettomuudessa kuoli kolme ihmistä ja kolme muuta loukkaantui.,1.4243464519951305
222,"Viime kuussa Iran koki pahimman ilmailuonnettomuutensa vuosiin, kun Armeniaan matkalla ollut lentokone putosi, ja kaikki 168 kyydissä ollutta menehtyivät.",1.840797372017232
223,"Samassa kuussa toisenkin reittikoneen laskeutuminen meni pitkäksi Mashhadissa, ja se törmäsi seinään surmaten seitsemäntoista henkeä.",1.9015689602723216
224,Aerosmith on peruuttanut loput kiertueensa konserteista.,2.105345767076173
225,Rockyhtyeen oli tarkoitus kiertää USA:ta ja Kanadaa syyskuun 16. päivään asti.,1.7604471526727348
226,"Se peruutti kiertueen sen jälkeen, kun laulaja Steven Tyler loukkaantui pudottuaan 5. elokuuta lavalta konsertin aikana.",1.6345926406531222
227,"Murray hävisi ensimmäisen erän tie-breakilla sen jälkeen, kun kumpikin mies oli voittanut jok’ikisen oman syöttönsä erän mittaan.",2.2011461890881088
228,"Del Potro meni johtoon aikaisin toisessa erässä, mutta siinäkin päädyttiin tie-breakiin tilanteen ollessa 6–6.",2.2933356911069165
229,"Del Potron olkapäätä hoidettiin tässä vaiheessa, mutta hän pystyi jatkamaan pelaamista.",1.5707373026363236
230,Ohjelma alkoi kello 20.30 paikallista aikaa (15.00 koordinoitua yleisaikaa).,2.0986717747061223
231,Tunnetut laulajat eri puolilta maata esittivät bhajaneita eli uskonnollisia lauluja shri Shyamin jaloille.,2.308145383731072
232,"Illan aloitti laulaja Sanju Sharma, ja häntä seurasi Jai Shankar Choudhary, joka esitti myös chhappan bhogien bhajanin. Häntä säesti laulaja Raju Khandelwal.",2.9592571079313745
233,Sen jälkeen vuoroon bhajanien laulajana siirtyi Lakkha Singh.,2.8325663943552013
234,"Baba Shyamille tarjoiltiin 108 lautasellista chhappan bhogia (hindulaisuudessa jumalille uhrattavat 56 erilaista ruoka-ainetta, esim. makeisia, hedelmiä, pähkinöitä, ruoka-annoksia).",2.5246016563755416
235,Lakkha Singh esitti myös chhappan bhogien bhajanin. Laulaja Raju Khandelwal säesti häntä.,3.584747568112124
236,Nintendon toimitusjohtaja Satoru Iwata paljasti Tokyo Game Show -pelimessujen torstaisessa päätapahtumassa yhtiön uuden Nintendo Revolution -konsolin ohjaimen ulkoasun.,2.6029344242712935
237,Television kaukosäädintä muistuttava ohjain käyttää kahta käyttäjän television lähelle asetettavaa sensoria määrittääkseen kolmiomittauksella sijaintinsa kolmiulotteisessa tilassa.,1.6422729425075995
238,Tämä mahdollistaa videopelin toimintojen ja liikkeiden suorittamisen liikuttamalla laitetta ilmassa.,1.2820314350719966
239,"Giancarlo Fisichella menetti autonsa hallinnan, ja hänen kilpailunsa päättyi hyvin pian lähdön jälkeen.",1.7263408774958748
240,"Hänen tallitoverinsa Fernando Alonso oli johdossa suurimman osan kisasta, mutta Alonson kilpailu päättyi heti varikkokäynnin jälkeen. Todennäköinen syy oli huonosti paikalleen asennettu oikea etupyörä.",1.8358734057579045
241,"Michael Schumacherin kisa päättyi pian Alonson jälkeen, koska hänen jousituksensa oli vaurioitunut kilpailun mittaan käydyissä lukuisissa taisteluissa.",1.6515839385523416
242,"Hän on hyvin herttainen ja laulaakin aika hyvin, hän sanoi tiedotustilaisuuden transkription mukaan.",1.4438878575208995
243,"Joka kerta, kun harjoittelimme sitä, liikutuin sydänjuuriani myöten.",1.3334981166098936
244,"Sukkulan kamerakuvassa näkyi noin kolme minuuttia laukaisun jälkeen, kuinka polttoainesäiliöstä irtosi eristevaahtoa useina kappaleina.",1.8415477062318792
245,Niiden ei kuitenkaan ajatella aiheuttaneen vahinkoa sukkulalle.,1.5245557252303117
246,"Nasan sukkulaohjelman johtaja N. Wayne Hale Jr. sanoi vaahdon irronneen ""myöhemmin kuin meitä huolettavana aikana"".",2.23409902118682
247,"Viisi minuuttia ilotulituksen alkamisen jälkeen alkoi tuulla, minuuttia myöhemmin tuuli nousin 70 kilometrin tuntinopeuteen – – Sitten alkoi sade, mutta niin voimakkaana ja niin runsaana, että se piiskasi ihoa kuin neuloilla, ja sitten alkoi sataa rakeita, ihmiset joutuivat pakokauhuun, alkoivat kiljua ja juosta toistensa yli.",1.6878543130172676
248,"Kadotin sisareni ja hänen ystävänsä, ja näin matkan varrella kaksi liikuntaesteistä pyörätuoleissaan, mutta ihmiset hyppivät yli ja työnsivät heitä,"" Armand Versace kertoi.",1.8902656351973839
249,"NHK kertoi myös, että Niigatan prefektuurissa sijaitseva Kashiwazaki Kariwan ydinvoimala toimii normaalisti.",2.1778505005746287
250,"Hokorikun sähköyhtiö ilmoitti, ettei maanjäristys ollut aiheuttanut ongelmia ja että sille kuuluvan Shikan ydinvoimalan ensimmäinen ja toinen reaktori oli sammutettu.",1.5434731942802569
251,Tietojen mukaan alueen kodeista noin 9 400 on ilman vettä ja satakunta ilman sähköä.,1.9042477310076973
252,"Teitä on vaurioitunut, junaliikenne on keskeytetty katastrofialueella ja Ishikawan prefektuurissa sijaitseva Noton lentoasema pysyy suljettuna.",1.9387042822663558
253,Yksi pommeista räjähti kenraalikuvernöörin viraston ulkopuolella.,1.7476327906221583
254,Kahden tunnin sisällä räjähti vielä kolme muuta pommia lähellä valtion rakennuksia.,1.33333628763922
255,"Eräiden tietojen mukaan virallinen uhriluku on kahdeksan, ja viralliset tiedonannot vahvistavat jopa 30 hengen loukkaantuneen. Lopullisia lukuja ei kuitenkaan vielä tiedetä.",1.6163809602081878
256,Saastunutta lemmikinruokaa syöneiden ja siihen kuolleiden lemmikkien virtsanäytteistä löydettiin syanuurihappoa ja melamiinia.,2.3545512051862625
257,"Yhdisteet reagoivat keskenään muodostaen kiviä, jotka voivat estää munuaisten toimintaa, sanovat yliopiston tutkijat.",1.357203870405012
258,"Tutkijat totesivat kissan virtsaan muodostuvan kiteitä, kun siihen lisättiin melamiinia ja syanuurihappoa.",2.246399224891249
259,Infrapunaspektroskopialla vertailtaessa kiteiden koostumus oli sama kuin saastunutta ruokaa saaneiden lemmikkien virtsassa.,2.314015817744295
260,"En tiedä, oliko asia teille tuttu, mutta suurin osa Keski-Amerikan tuotteista tuli tähän maahan ilman tullia.",1.2352343572094886
261,Silti kahdeksaakymmentä prosenttia omista tuotteistamme verotettiin tullimaksuilla Keski-Amerikan maissa. me kohtelemme teitä.,1.7628000265300776
262,Siinä ei minusta ollut tolkkua. Reilua se ei ainakaan ollut.,1.5993058365556139
263,"Sanonpahan vain heille, että kohdelkaa meitä niin kuin me kohtelemme teitä.",1.1973465540634025
264,"Kalifornian kuvernööri Arnold Schwarzenegger allekirjoitti lain, jolla kielletään väkivaltaisten videopelien myynti tai vuokraaminen alaikäisille.",1.6832175936348255
265,"Lakiesityksessä vaaditaan, että Kalifornian osavaltiossa myytävät väkivaltaiset videopelit merkitään K18-siirtokuvalla ja että niiden myynti alaikäiselle tehdään rangaistavaksi 1 000 dollarin suuruisella sakolla rikkomusta kohden.",1.8311193713099445
266,"Valtakunnansyyttäjä Kier Starmer antoi tänä aamuna lausunnon, jossa hän ilmoitti Huhnen ja Prycen syyttämisestä.",1.9211291549131886
267,"Huhne on eronnut, ja hänen paikkansa hallituksessa ottaa kansanedustaja Ed Davey. Kansanedustaja Norman Lambin odotetaan astuvan Daveyn vapaaksi jättämään yritysministerin virkaan.",1.8488826567318597
268,Huhnen ja Prycen on määrä astua Westminsterin poliisituomioistuimen eteen 16. helmikuuta.,2.214587435359389
269,Kuolonuhrit olivat 25-vuotias Nicholas Alden ja 21-vuotias Zachary Cuddeback. Cuddeback oli toiminut kuljettajana.,2.3429945043812808
270,"Edgar Veguilla sai vammoja käsivarteen ja leukaan, Kristoffer Schneiderin kasvot tarvitsivat korjauskirurgiaa.",2.307106911067728
271,"Ukan ase ei toiminut, kun sillä osoitettiin viidennen miehen päätä. Schneider kärsii jatkuvasta kivusta ja toisen silmän sokeudesta. Hänen kallonsa ja kasvojensa puuttuva osa on koottu uudestaan titaanista.",1.6821414831607664
272,Schneider antoi todistajanlausuntonsa kotimaassaan sijaitsevasta Yhdysvaltojen ilmavoimien tukikohdasta videopuhelun välityksellä.,1.414003635629848
273,Keskiviikon kilpailun ohella Carpanedo osallistui kahteen muuhun MM-kisojen yksilökilpailuun.,2.1610082103981707
274,"Ensimmäinen niistä oli pujottelu, jossa hänen ensimmäinen laskunsa jäi kesken. 36 osallistujaa 116:sta ei myöskään onnistunut pääsemään maaliin.",1.5763578169109944
275,"Toisessa kilpailussaan eli suurpujottelussa hän pääsi kymmenennelle sijalle naisten istumaluokassa yhteistuloksella 4.41,30, joka oli 2.11,60 hitaampi aika kuin ensimmäiseksi tulleella Itävallan Claudia Loeschilla ja 1.09,02 hitaampi kuin yhdeksännelle sijalle päässeellä Unkarin Gyöngyi Danilla.",2.4403330432062083
276,"Neljä hiihtäjää naisten istumaryhmästä ei kyennyt pääsemään laskunsa loppuun, ja 45 hiihtäjää 117:sta Giant Slalomilla ei saanut sijoitusta kilpailussa.",2.231959415331015
277,Madhya Pradeshin poliisi löysi varastetun kannettavan ja matkapuhelimen.,1.8459731077502763
278,"Apulaisylitarkastaja D.K. Arya sanoi: ""Olemme pidättäneet viisi henkilöä, jotka raiskasivat sveitsiläisnaisen, ja löytäneet hänen matkapuhelimensa ja kannettavan tietokoneensa.""",1.6366712606716018
279,"Syytettyjen nimiksi on ilmoitettu Baba Kanjar, Bhutha Kanjar, Rampro Kanjar, Gaza Kanjar ja Vishnu Kanjar.",3.2716370002125092
280,Poliisikomisario Chandra Shekhar Solanki sanoi syytettyjen esiintyneen oikeussalissa kasvot peitettyinä.,2.096377707177982
281,"Vaikka kolme ihmistä oli talossa auton törmätessä siihen, kukaan heistä ei loukkaantunut.",1.359015966159119
282,Kuljettaja sai kuitenkin vakavia vammoja päähän.,1.2919989120336457
283,"Tie, jolla törmäys tapahtui oli tilapäisesti suljettuna pelastuspalvelun vapauttaessa kuljettajan punaisesta Audi TT:stä.",1.8647836067461223
284,Hänet vietiin ensin Great Yarmouthissa sijaitsevaan James Paget -sairaalaan.,1.971329302770003
285,Sen jälkeen hänet siirrettiin Addenbrooken sairaalaan Cambridgessä.,1.4676396099225242
286,Adekoya on siitä lähtien ollut Edinburghin šeriffintuomioistuimessa syytettynä poikansa murhasta.,2.0124318476530205
287,"Hän on kiinniotettuna odottamassa syytettä ja oikeudenkäyntiä, mutta silminnäkijätodisteet voivat olla turmeltuneet, sillä hänen kuvansa on laajalti julkaistu.",1.427952454420195
288,"Käytäntö on yleinen muualla Isossa-Britanniassa, mutta Skotlannin oikeusjärjestelmä toimii eri tavalla, ja tuomioistuimet ovat katsoneet, että kuvien julkaiseminen saattaa olla haitaksi puolueettomalle oikeudenkäynnille.",1.322749962437037
289,"Professori Pamela Ferguson Dundeen yliopistosta toteaa, että ""toimittajat vaikuttavat kyllä tasapainottelevan vaarallisesti, jos he julkaisevat epäillyistä valokuvia yms.""",1.825531527454756
290,"Syytteistä yleisvastuussa oleva Skotlannin syyttäjänvirasto Crown Office on antanut toimittajien ymmärtää, ettei asiaa kommentoida enempää ainakaan ennen syytteeseenpanoa.",1.7524694674855772
291,"Vuodon mukaan asiakirjassa viitataan rajakiistaan, jossa Palestiina haluaa rajojen kulkevan tavalla, jolla ne kulkivat ennen vuoden 1967 Lähi-idän sotaa.",1.8458706465568684
292,Muita käsiteltyjä aiheita olivat tietojen mukaan kummallekin kansakunnalle pyhän Jerusalemin asema tulevaisuudessa sekä Jordanin laakson kysymys.,1.752528964618334
293,Israel vaatii laaksoon jatkuvaa sotilaallista läsnäoloa kymmenen vuoden ajaksi sopimuksen allekirjoittamisesta. Palestiinalaishallinto hyväksyy tämänkaltaisen läsnäolon vain viideksi vuodeksi.,1.3163141631779314
294,"Metsänvartijoiden oli määrä valvoa tuhoeläinten täydentävään valvontakokeiluun osallistuvia ampujia tiiviisti, sillä koetta tarkkailtiin ja sen tehokkuutta arvioitiin.",1.8039354911546508
295,Vaatimukset täyttäviä vapaaehtoisia värvättiin kansallispuisto- ja villieläinpalvelun sekä Australian urheiluampujien liiton NSW:n yhteishankkeena ja osana ammuntaliiton metsästysohjelmaa.,2.1666090401362443
296,NPWS:n puistojen suojelusta ja kulttuuriperinnöstä vastaavan virkaatekevän johtajan Mick O’Flynnin mukaan ensimmäisiin ammuntoihin valitut neljä ampujaa saivat kattavaa turvallisuus- ja koulutusopastusta.,2.0861001858284447
297,Martelly tunnusti yhdeksän jäsentä eilisessä väliaikaisen vaalineuvoston (CEP) kokouksessa.,2.1563561237091604
298,Se on Martellyn viides väliaikainen vaalineuvosto neljän vuoden aikana.,1.8137712419950762
299,"Presidentin nimittämä valtuuskunta suositteli viime kuussa edellisen väliaikaisen vaalineuvoston eroa osana toimenpidepakettia, jonka tarkoituksena on viedä maa kohti uusia vaaleja.",1.6725205996132135
300,Valtuuskunta oli Martellyn vastaus lokakuussa alkaneisiin laajoihin hallinnon vastaisiin mielenosoituksiin.,1.9914971189444337
301,"Ajoittain väkivaltaisiksi yltyneet mielenosoitukset saivat alkunsa toteutumatta jääneistä vaaleista, joista osa piti järjestää jo vuonna 2011.",1.5983761781191619
302,"Virheellisesti toimivien iPodien ylikuumenemisia on ilmoitettu noin 60 tapauksessa, joista aiheutui yhteensä kuusi tulipaloa sekä lieviä palovammoja neljälle henkilölle.",1.829576140250758
303,"Japanin talous- ja teollisuusministeriö (METI) sanoi, että se oli tietoinen 27 laitteeseen liittyvästä onnettomuudesta.",1.4877849955987488
304,"Viime viikolla ministeriö tiedotti, että Apple oli kertonut sille 34 muusta ylikuumenemistapauksesta, joita yritys kutsui ""ei-vakaviksi"".",1.9912475698771774
305,"Ministeriö vastasi kutsumalla Applen tekemää selvityksen lykkäystä ""todella harmilliseksi.""",2.164852474884339
306,Maanjäristys koetteli Mariaaneja kello 7.19 paikallista aikaa (perjantaina kello 21.19 Greenwichin aikaa).,2.3451794138776205
307,"Pohjois-Mariaanien hätätilanteiden hallintavirastosta sanottiin, ettei maassa ollut ilmoitettu vahingoista.",1.533343875100504
308,"Myös Tyynenmeren tsunamivaroituskeskuksesta ilmoitettiin, että tsunamin syntymisestä ei ollut viitteitä.",1.6177301985925014
309,Entinen filippiiniläinen poliisi on pitänyt hongkongilaisia matkailijoita panttivankeina kaapattuaan heidän linja-autonsa Filippiinien pääkaupungissa Manilassa.,1.7465674718732014
310,Rolando Mendoza ampui matkailijoita päin M16-kiväärillä.,2.615111189055582
311,"Useita panttivankeja on pelastettu, ja toistaiseksi ainakin kuuden on vahvistettu kuolleen.",1.4713281943012884
312,"Kuusi panttivankia, näiden joukossa lapset ja vanhukset, vapautettiin etuajassa kuten myös filippiiniläiset valokuvaajat.",1.5869844483452695
313,"Valokuvaajat ottivat myöhemmin erään iäkkään naisen paikan, kun hänen tarvitsi käyttää WC:tä. Mendoza kuoli tulituksessa.",1.7724257962755057
314,Liggins seurasi isänsä jalanjäljissä ja lähti lääkärinuralle.,2.135074593050675
315,Hän kouluttautui synnytyslääkäriksi ja aloitti vuonna 1959 työskentelyn Aucklandin kansallisessa naistensairaalassa.,1.6357481047091755
316,Sairaalassa työskennellessään Liggins alkoi joutoaikoinaan tutkia ennenaikaista synnytystä.,2.0627806279634
317,"Hänen tutkimuksensa osoittivat, että hormonin antaminen nopeuttaa sikiön keuhkojen kehittymistä.",1.4469790140668555
318,Xinhua ilmoitti virallisen tutkimusryhmän löytäneen keskiviikkona kaksi mustaa laatikkoa eli lennonrekisteröintilaitetta.,1.7847988137723954
319,Muut painijat osoittivat myös kunnioitusta Lunalle.,1.410347410852516
320,"Tommy Dreamer sanoi: ""Luna oli ensimmäinen äärimmäisyyksien kuningatar. Ensimmäinen managerini. Luna menehtyi kahden kuun yönä. Aika ainutlaatuinen tapaus niin kuin hän itsekin. Vahva nainen.""",1.7789297224582974
321,"Dustin ""Goldust"" Runnels kommentoi: ""Luna oli yhtä hullu kuin minä... ehkä enemmänkin... rakastan häntä ja jään kaipaamaan häntä... toivottavasti hän on paremmassa paikassa.""",1.8040330099697088
322,Ennen liittovaltion parlamenttivaaleja vuonna 2010 tehtiin 1 400 vastaajan kyselytutkimus. Australian tasavallaksi muuttumista vastustavien määrä oli kasvanut 8 prosentilla vuodesta 2008.,1.5865452001401077
323,"Toimitusministeriön pääministeri Julia Gillard väitti vuoden 2010 liittovaltion parlamenttivaalien kampanjan aikana, että hänen mielestään Australiasta pitäisi tulla tasavalta kuningatar Elisabet II:n hallituskauden päättyessä.",1.444303695387649
324,34 prosenttia kyselyyn osallistuneista jakoi hänen näkemyksensä ja halusi kuningatar Elisabeth II:n jäävän Australian viimeiseksi monarkiksi.,1.4684086963845007
325,"Tutkimuksen ääripäissä 29 prosenttia vastanneista on sitä mieltä, että Australiasta pitäisi tulla tasavalta mahdollisimman pian, ja 31 prosentin mielestä Australiasta ei pitäisi koskaan tulla tasavaltaa.",1.3897207787179864
326,"Olympiavoittajan oli tarkoitus osallistua Kansainyhteisön kisojen 100 metrin ja 200 metrin vapaauintiin ja kolmeen viestikilpailuun, mutta hänen kuntonsa on ollut epävarma kipujen takia.",1.7237486303085632
327,"Hän ei ole voinut ottaa kivunlievittämiseen tarvittavia lääkkeitä, koska niiden käyttö on kisoissa kiellettyä.",1.4700956920593007
328,"Keski-Missourin yliopiston tietotekniikan professori, matemaatikko Curtis Cooper on 25. tammikuuta löytänyt suurimman tähän mennessä tunnetun alkuluvun.",1.7924214355566201
329,"Useat ihmiset vahvistivat löydön helmikuun alkuun mennessä eri laitteilla ja ohjelmistoilla, ja siitä ilmoitettiin tiistaina.",1.7145881097033742
330,"Komeetat ovat saattaneet tuoda maapallolle vettä samoin kuin orgaanista ainetta, joka voi muodostaa proteiineja ja tukea elämää.",1.493080282164288
331,"Tutkijat toivovat ymmärtävänsä, kuinka planeetat syntyvät, ja erityisesti kuinka maapallo syntyi, sillä komeetat törmäsivät maapalloon kauan sitten.",1.4212827732240065
332,"53-vuotiaan Cuomon virkakausi kuvernöörinä alkoi aiemmin tänä vuonna, ja hän allekirjoitti viime kuussa lakiesityksen, jossa laillistetaan samaa sukupuolta olevien avioliitto.",1.681880413782997
333,"Hän nimitti huhuja ""poliittiseksi leuanlouskutukseksi ja naurettaviksi"".",2.2197331425317692
334,Hänen arvellaan asettuvan presidenttiehdokkaaksi vuonna 2016.,1.4392851606060206
335,"Yhdysvaltojen ilmailuviranomainen väittää, että NextGen on järjestelmä, jonka ansiosta lentokoneet voivat lentää lyhyempiä reittejä, säästää vuosittain miljoonia gallonia polttoainetta ja vähentää hiilidioksidipäästöjä.",1.5828888394918652
336,"Siinä käytetään satelliittipohjaista tekniikkaa vanhemman, maan pinnalla oleviin tutkiin perustuvan tekniikan sijaan. Näin lennonjohtajat pystyvät paikantamaan lentokoneet tarkemmin ja antamaan lentäjille paremmin paikkansa pitäviä tietoja.",1.5550702477202514
337,Lisäkuljetusta ei järjestetä ja maanpäälliset junat eivät pysähdy Wembleyn kohdalla. Ottelupaikalla ei myöskään ole saatavilla pysäköinti- ja liittymäpysäköintipalveluja.,1.8648351577305358
338,"Huoli kuljetuksen puutteesta nosti esiin mahdollisuuden, että peli olisi pakko pelata suljettujen ovien takana ilman joukkueen kannattajia.",1.4387672441934367
339,Science-lehdessä torstaina julkaistu tutkimus kertoi uuden lintulajin kehittymisestä Galapagossaarilla Ecuadorissa.,1.9770638368681133
340,"Princetonin yliopiston ja Uppsalan yliopiston tutkijat kertoivat uuden lajin kehittyneen jo kahdessa sukupolvessa, vaikka tapahtumasarjan oli uskottu kestävän paljon kauemmin. Syynä oli kotoperäisen darwininpeipon (Geospiza fortes) ja tulokaslaji kaktussirkun (Geospiza conirostris) keskinäinen lisääntyminen.",2.354751849810016
341,Kultaa voidaan työstää kaikenlaisiin muotoihin. Sitä voidaan myös kaulita pienenpieniksi esineiksi.,1.7608222806428222
342,"Se voidaan vetää ohueksi johdoksi, jota voi kiertää ja punoa. Sitä voi vasaroida tai rullata levyiksi.",2.0334406358614836
343,"Siitä voidaan tehdä hyvin ohutta, ja se voidaan kiinnittää toiseen metalliin. Siitä voidaan tehdä niin ohutta, että sitä käytettiin joskus käsin maalatuissa kuvissa kirjoissa, joita kutsutaan ""kirjamaalauksiksi"".",1.4215477945424184
344,Tätä kutsutaan kemikaalin pH-arvoksi. Mittarin voi tehdä itse käyttämällä punakaalin mehua.,1.848211958160052
345,"Kaalimehu vaihtaa väriä riippuen siitä, kuinka hapanta tai emäksistä (eli alkalista) aine on.",2.4623706947681727
346,Vetyionien (pH:n H) määrä testatussa kemikaalissa näyttää pH-arvon.,3.2507084208708004
347,"Vetyionit ovat protoneja, joista on poistettu elektronit (koska vetyatomit koostuvat yhdestä protonista ja yhdestä elektronista).",1.920197975705131
348,Sekoita molemmat kuivat jauheet toisiinsa ja purista ne sitten palloksi puhtailla ja märillä käsillä.,2.0149765816701204
349,"Käsiesi kosteus reagoi uloimpaan kerrokseen, joka tuntuu kummalliselta ja muodostaa eräänlaisen kuoren.",1.716746075606714
350,"Harappan ja Mohenjo-daron kaupunkien melkein jokaisessa talossa oli huuhdeltava WC, joka oli yhdistetty monimutkaiseen viemärijärjestelmään.",2.0560467338271677
351,Viemärijärjestelmien jäänteitä on löydetty Kreikan minolaisista kaupungeista Kreetalta ja Santorinilta.,1.91726980507152
352,"Muinaisessa Egyptissä, Persiassa ja Kiinassa oli myös käymälöitä. Roomalaisessa sivilisaatiossa käymälät olivat toisinaan osa julkisia kylpylöitä, joissa naiset ja miehet kylpivät yhtä aikaa samoissa tiloissa.",1.6325088003286843
353,"Kun soitat jollekulle tuhansien mailien päähän, käytät satelliittia.",1.4306123896359704
354,Avaruudessa sijaitseva satelliitti vastaanottaa puhelun ja heijastaa sen sitten takaisin melkein saman tien.,1.5101648284999816
355,"Satelliitti lähetettiin avaruuteen raketin kyydissä. Tutkijat käyttävät teleskooppeja avaruudessa, koska maapallon ilmakehä vääristää osan valosta ja näkymästämme.",1.4445456839435091
356,"Satelliitin tai teleskoopin viemiseksi avaruuteen tarvitaan jättimäinen, yli 100 jalkaa pitkä raketti.",1.6457788454901074
357,"Pyörä on muuttanut maailmaa uskomattomilla tavoilla. Paljon helpompi ja nopeampi liikkuminen on suurinta, mitä pyörä on tehnyt hyväksemme.",1.435366845180686
358,"Se on antanut meille junan, auton ja monia muita liikennevälineitä.",1.5483463962049093
359,"Niiden alla tulevat keskikokoisemmat kissaeläimet, jotka syövät keskikokoista riistaa jäniksistä antilooppeihin ja peuroihin.",1.9532824621050628
360,"Sitten on vielä monia pieniä kissaeläimiä (mukaan luetaan myös irrallaan olevat lemmikkikissat), jotka syövät pieniä saaliseläimiä, kuten hyönteisiä, jyrsijöitä, liskoja ja lintuja, joiden lukumäärät ovat paljon suuremmat.",1.6508866897542265
361,"Niiden menestyksen salaisuus on ns. ekologinen lokero. Tämä käsitteen mukaan jokaisella kissaeläimellä on oma erityistehtävänsä, jonka takia se ei kilpaile muiden kanssa.",1.649697082386
362,"Leijonat ovat sosiaalisimpia kissaeläimiä, ja ne elävät suurissa ryhmissä, joita kutsutaan laumoiksi.",1.5590016834816112
363,Laumat koostuvat yhdestä kolmeen toisilleen sukua olevasta aikuisesta uroksesta sekä toisinaan jopa kolmestakymmenestä naaraasta ja pennusta.,1.5807236229307406
364,Naaraat ovat tavallisesti läheistä sukua toisilleen muodostaen suuren perheen sisaria ja tyttäriä.,1.6299909708269962
365,"Leijonalaumat käyttäytyvät pitkälti samalla tavoin kuin susi- tai koiralaumat. Nämä eläimet muistuttavat käytökseltään yllättävän paljon leijonia (mutteivät muita isoja kissaeläimiä), ja nekin ovat hyvin vaarallisia saaliilleen.",1.7466153470156185
366,"Tiikeri on monipuolinen urheilija ja osaa kiivetä (vaikkei kovin hyvin), uida, hypätä kauas ja vetää viisi kertaa niin voimakkaasti kuin vahva ihminen.",1.7600445171353158
367,"Tiikeri kuuluu samaan suurkissojen sukuun (Panthera) kuin leijonat, leopardit ja jaguaarit. Vain nämä neljä kissaeläintä osaavat karjua.",2.4402768056996433
368,"Tiikerin karjunta ei muistuta leijonan täyteläistä karjuntaa, vaan enemmänkin lausetta, joka koostuu ‎murahdelluista, huudetuista sanoista.‎",2.432245711908096
369,"Oselotit syövät mielellään pieniä eläimiä. Ne saalistavat apinoita, käärmeitä, jyrsijöitä ja lintuja jos vain saavat ne kiinni. Melkein kaikki oselotin saalistamat eläimet ovat paljon pienempiä kuin se itse.",1.5776315320549612
370,"Tutkijat uskovat, että oselotit jäljittävät ja löytävät syötäviä eläimiä eli saaliin hajun perusteella nuuhkien maasta, missä ne ovat kulkeneet.",1.7195655536191772
371,Oselotit näkevät todella hyvin pimeässä hämäränäön ansiosta ja liikkuvat todella huomaamattomasti. Ne metsästävät sulautumalla ympäristöönsä ja syöksymällä sitten saaliin kimppuun.,1.5952501646139874
372,"Kun pieni eliöiden ryhmä (pieni populaatio) joutuu erilleen pääpopulaatiosta, josta se on kotoisin (esimerkiksi jos se muuttaa vuorijonon tai joen yli tai uudelle saarelle, niin ettei ole helppo muuttaa takaisin), sen ympäristö on usein erilainen kuin ennen.",1.644642796954307
373,"Uuden ympäristön resurssit ovat erilaisia ja kilpailijat erilaisia, joten ollakseen vahva kilpailija uusi populaatio tarvitsee toisenlaisia ominaisuuksia tai sopeutumisia kuin ennen.",1.4847884108013083
374,"Alkuperäinen populaatio ei ole muuttunut ollenkaan, vaan se tarvitsee yhä samat sopeutumiset kuin ennenkin.",1.4368615951079522
375,"Kun uusi populaatio alkaa mukautua uuteen ympäristöönsä, se alkaa ajan mittaan näyttää pääpopulaatiolta yhä vähemmän.",1.5405690563110173
376,"Lopulta tuhansien tai jopa miljoonien vuosien jälkeen kumpikin populaatio näyttää keskenään niin erilaiselta, ettei niitä voi enää kutsua samaksi lajiksi.",1.3175935920001138
377,"Kutsumme tätä prosessia lajiutumiseksi, joka tarkoittaa vain uuden lajin syntymistä. Lajiutuminen on evoluution välttämätön seuraus ja sen hyvin tärkeä osa.",1.5743306676948348
378,"Kasvit tuottavat happea, jota ihmiset hengittävät sisään, ja ne käyttävät hiilidioksidia, jota ihmiset hengittävät ulos.",1.337281875212763
379,Kasvit tuottavat ruokansa auringosta yhteyttämällä. Lisäksi ne suovat varjoa.,1.886362750364226
380,Teemme talomme kasveista ja teemme vaatteita kasveista. Suurin osa syömästämme ruoasta on kasveja. Ilman kasveja eläimet eivät selviytyisi.,1.5555465424950057
381,"Mosasaurus oli oman aikansa suurpeto, joten se pelännyt mitään muuta kuin toisia mosasauruksia.",2.142533476879197
382,"Sen pitkissä leuoissa sojotti yli 70 partaveitsenterävää hammasta, joiden lisäksi sillä oli kitalaessa ylimääräinen hammasrivistö, joten mikään sen tielle osunut ei voinut päästä karkuun.",1.9867904356236659
383,"Emme ole varmoja, mutta sillä saattoi olla haarautunut kieli. Sen ruokavalioon kuului kilpikonnia, isoja kaloja ja muita mosasaureja, ja se saattoi jopa olla kannibaali.",1.6093566747225307
384,Se myös hyökkäsi kaiken veteen tulevan kimppuun. Edes Tyrannosaurus rexin kaltainen jättimäinen dinosaurus ei olisi pärjännyt sille.,1.6183421521516834
385,"Suurin osa heidän ruoastaan olisikin meille tuttua, mutta myös roomalaisilla oli omia omituisia tai epätavallisia juhlaherkkujaan, kuten villisika, riikinkukko, etanat ja pähkinähiireksi kutsuttu jyrsijä.",1.9049064948951433
386,"Toisena erona köyhät ja naiset söivät ruokansa tuolilla istuen, mutta rikkaat järjestivät mieluiten yhteisiä pitoja, joissa he löhöilivät kyljellään syödessään ateriansa.",1.9629911033696594
387,"Muinaisen Rooman aterioilla ei voitu tarjoilla sellaista ruokaa, joka tuli vasta myöhempinä vuosisatoina Eurooppaan Amerikasta tai Aasiasta.",1.8271537462084493
388,"Heillä ei ollut esimerkiksi maissia, tomaatteja, perunoita tai kaakaota, eikä ainutkaan muinainen roomalainen koskaan maistanut kalkkunaa.",1.3560117968506096
389,"Babylonialaiset rakensivat jokaiselle jumalalleen päätemppelin, jota pidettiin jumalan kotina.",1.8905157328618358
390,Ihmiset toivat uhreja jumalille ja papit pyrkivät täyttämään jumalten tarpeet seremonioilla ja juhlilla.,1.515567423877075
391,"Jokaisessa temppelissä oli avoin sisäpiha ja sitten sisempi pyhättö, ns. kaikkein pyhin, johon vain papit saivat mennä.",1.9963493601156854
392,"Joskus temppeleihin rakennettiin pyramidin muotoisia torneja, joita kutsuttiin zikkurateiksi.",1.5179896224107556
393,Tornin huippu oli jumalan erityinen pyhättö.,2.0776039559315063
394,Lähi-idän lämpimässä ilmanalassa talo ei ollut yhtä tärkeä.,2.2577246244358937
395,Suurin osa heprealaisen perheen elämästä vietettiin ulkoilmassa.,1.797786932194801
396,"Naiset laittoivat ruokaa pihalla, ja kaupat olivat pelkkiä avonaisia myyntipöytiä katujen varsilla. Talojen rakennusmateriaalina käytettiin kiveä.",1.9231376322565472
397,"Kanaaninmaassa ei ollut laajoja metsiä, joten puu oli äärimmäisen kallista.",1.6890797163066669
398,"Grönlanti asutettiin harvaan. Norjalaisissa saagoissa sanottiin, että Erik Punainen karkotettiin Islannista murhan vuoksi, ja matkustaessaan länteen hän löysi Grönlannin ja nimesi sen Grönlanniksi.",1.9492336672531934
399,Mutta hänen löydöstään huolimatta eskimoheimot asuivat jo silloin saarella.,1.9257131680410178
400,"Vaikka jokainen maa oli ""skandinaavinen"", Tanskan, Ruotsin, Norjan ja Islannin ihmisten, kuninkaiden, tapojen ja historian välillä oli paljon eroja.",1.6886782008378312
401,"Jos olet nähnyt elokuvan Kansallisaarre, saatat luulla, että aarrekartta oli piirretty itsenäisyydenjulistuksen kääntöpuolelle.",1.5735411316996268
402,"Se ei kuitenkaan ole totta. Vaikka asiakirjan taakse on kirjoitettu jotakin, se ei ole aarrekartta.",1.180275003848615
403,"Itsenäisyysjulistuksen kääntöpuolelle on kirjoitettu sanat ""Alkuperäinen itsenäisyysjulistus, päivätty 4. heinäkuuta 1776"". Kirjoitus on ylösalaisin asiakirjan alaosassa.",1.9041683426598732
404,"Kukaan ei tiedä varmasti, kuka ne kirjoitti, mutta se tiedetään, että suuri pergamenttiasiakirja (sen mitat ovat 29 ¾ tuumaa kertaa 24 ½ tuumaa) käärittiin alkuaikoina rullalle säilytystä varten.",2.1016033550443702
405,"On siis todennäköistä, että merkintä lisättiin vain ikään kuin nimilapuksi.",1.5722396747556355
406,"D-Day eli maihinnousut ja sitä seuraavat taistelut olivat vapauttaneet Pohjois-Ranskan, mutta etelä ei vielä ollut vapaa.",1.6401937541912663
407,"Se oli ns. Vichyn Ranskan hallussa eli ranskalaisten, jotka olivat vuonna 1940 tehneet rauhan saksalaisten kanssa ja tekivät yhteistyötä hyökkääjien eivätkä suinkaan taistelleet heitä vastaan.",1.493572668493708
408,Liittoutuneet hyökkäsivät Etelä-Ranskaan 15. elokuuta 1944. Hyökkäyksen koodinimi oli Operaatio Dragoon.,1.7917688094403321
409,Yhdysvaltojen ja Vapaan Ranskan joukot vapauttivat Etelä-Ranskan vain kahdessa viikossa ja kääntyivät kohti Saksaa.,1.439230742010088
410,"Sivilisaatio on kulttuuri, joka on yhteinen suurelle yhteistoiminnassa elävälle ja työskentelevälle ihmisryhmälle, yhteiskunnalle.",1.4896739699683168
411,"Sana sivilisaatio tulee latinan sanasta civilis, joka tarkoittaa siviiliä tai kansalaista. Se on sukua latinan sanalle civis, joka tarkoittaa kansalaista tai alamaista, ja civitas, joka tarkoittaa kaupunkia tai kaupunkivaltiota, ja se tavallaan myös määrittelee yhteiskunnan koon.",1.7673162057693745
412,"Kaupunkivaltiot ovat kansakuntien edeltäjiä. Sivilisaatiollinen kulttuuri viittaa tiedon siirtymiseen usealta sukupolvelta toiselle, pitkäaikaiseen kulttuuriseen jalanjälkeen ja suurehkoon levinneisyyteen.",1.5889491140287684
413,"Pienemmät kulttuurit usein katoavat jättämättä tarvittavia historiallisia todisteita, joten niitä ei yleensä pidetä oikeina sivilisaatioina.",1.280671266544917
414,Yhdysvaltain vapaussodan aikana kolmetoista osavaltiota muodostivat ensin heikon keskushallinnon - jonka ainoa osa oli kongressi - konfederaatioartiklojen perusteella.,1.739916125443948
415,"Kongressilla ei ollut valtaa määrätä veroja, ja koska kansallista toimeenpanovaltaa tai oikeuslaitosta ei ollut, ‎sen oli turvauduttava kaikkien säädöstensä toimeenpanossa osavaltioiden usein yhteistyöhaluttomiin ‎viranomaisiin.‎",2.220137516218071
416,Sillä ei myöskään ollut valtaa muuttaa verolakeja ja osavaltioiden välisiä tullimaksuja.,1.6723819361607193
417,"Artiklojen muuttaminen vaati kaikkien osavaltioiden yksimielisen hyväksynnän, ja osavaltiot suhtautuivat keskushallintoon niin yliolkaisesti, että usein niiden edustajat eivät olleet paikalla.",1.4845216801992007
418,Italian jalkapallomaajoukkue on Saksan maajoukkueen ohella maailman toiseksi menestynein. Se voitti jalkapallon maailmanmestaruuden vuonna 2006.,1.3559885733769048
419,"Suosittuja urheilulajeja ovat jalkapallo, koripallo, lentopallo, vesipoolo, miekkailu, pyöräily, jääkiekko, rullakiekko ja F1-moottoriurheilu.",2.054464168990672
420,"Talviurheilulajit ovat suosituimpia pohjoisilla alueilla, ja italialaiset kilpailevat niissä jopa kansainvälisissä otteluissa ja olympialaisissa.",1.440367804867931
421,"Japanissa on lähes 7 000 saarta (joista suurin on Honshu), joten Japani on maailman seitsemänneksi suurin saari!",2.1429602400600785
422,"Koska Japanin saaret ovat kimpussa tai ryhmänä, Japanista puhutaan usein ""saaristona"" maantieteellisessä mielessä",1.7263698610128566
423,"Taiwan alettiin tuntea jo 1400-luvulla, kun ohi purjehtineet eurooppalaiset merenkävijät mainitsivat saaren käyttäen siitä nimeä Ilha Formosa eli kaunis saari.",2.1380325195952286
424,Hollannin Itä-Intian kauppakomppania perusti vuonna 1624 tukikohdan Lounais-Taiwaniin. Se käynnisti samalla muutoksen alkuperäisväestön viljantuotantomenetelmissä ja palkkasi kiinalaisia työläisiä riisi- ja sokeriviljelmilleen.,1.817814107326913
425,Qing-dynastian (1644–1912) sotajoukot ottivat vuonna 1683 hallintaansa Taiwanin läntiset ja pohjoiset rannikkoalueet ja julistivat Taiwanin Qing-dynastian maakunnaksi vuonna 1885.,2.213609967456101
426,"Koettuaan tappion vuonna 1895 ensimmäisessä Kiinan ja Japanin sodassa (1894-1895) Qing-hallitus allekirjoitti Shimonosekin sopimuksen, jonka myötä se luovutti Taiwanin itsemääräämisoikeuden Japanille, joka hallitsi saarta vuoteen 1945 asti.",1.8721369125064427
427,"Machu Picchu koostuu kolmesta päärakennuksesta: nämä ovat Intihuatana, Auringon temppeli ja Kolmen ikkunan huone.",2.1960316996668143
428,"Useimmat kompleksin reunoilla olevat rakennukset on restauroitu, jotta matkailijat saisivat paremman käsityksen niiden alkuperäisestä ulkonäöstä.",1.4875015836590968
429,"30 prosenttia Machu Picchusta oli ehditty entisöidä vuoteen 1976 mennessä, ja entisöinti jatkuu vielä nytkin.",2.070174594586063
430,Esimerkiksi maailman yleisin stillkuvissa käytettävä koko on 35 mm. Se oli vallitseva filmikoko analogisen filmin aikakauden lopussa.,2.090628759055919
431,"Sitä tuotetaan edelleen, mutta ennen kaikkea digitaalisen kameran kuvasensoriformaatit ovat perineet sen kuvasuhteen.",1.8521182213181926
432,Hieman hämmentävästi 35 millimetrin koko on todellisuudessa 36 mm leveä ja 24 mm korkea.,2.215531290201065
433,"Siksi tämän koon kuvasuhteen (jaettaessa kahdellatoista, jotta saadaan yksinkertaisin kokolukusuhde) sanotaan olevan 3:2.",2.2718658704639174
434,Monet yleiset formaatit (esimerkiksi APS-formaattiperhe) joko vastaavat tai ovat hyvin lähellä tätä kuvasuhdetta.,2.0382386828794408
435,"Usein väärinkäytetty ja paljon pilkattu kolmasosien sääntö on yksinkertainen ohjenuora, jolla luodaan dynaamisuutta kuvaan mutta säilytetään silti jonkin verran järjestystä.",1.8451419196855918
436,"Sen mukaan pääkohteen tehokkain paikka on kohdassa, jossa kuvan pysty- ja vaakasuunnassa kolmasosiin jakavat viivat risteävät (katso esimerkkiä).",2.087722762113331
437,"Tänä Euroopan historian aikakautena katolista kirkkoa, josta oli tullut rikas ja voimakas, alettiin tarkastella tiiviisti.",1.5854877812677575
438,Kristinusko oli yhdistänyt Euroopan valtioita jo yli tuhannen vuoden ajan kielten ja tapojen eroavaisuuksista huolimatta.,1.5245886650405838
439,"Sen joka paikkaan yltävä voima vaikutti kaikkiin, niin kuninkaisiin kuin rahvaaseen.",1.8293868606713328
440,"Yksi kristinuskon pääperiaatteista kuuluu, että vaurautta tulisi käyttää lievittämään kärsimystä ja köyhyyttä ja että kirkon rahavarat on tarkoitettu juuri sellaiseen käyttöön.",1.4723951313709094
441,"Kirkon keskusvalta oli ollut Roomassa jo yli tuhat vuotta, ja tällainen vallan ja rahan keskittymä sai monet kyseenalaistamaan opinkappaleen toteutumisen.",1.494298913258106
442,Pian vihollisuuksien puhkeamisen jälkeen Britannia aloitti Saksan merisaarron.,1.6262083964634044
443,"Strategia osoittautui tehokkaaksi katkaistessaan sotilaiden ja siviilien elintärkeät tarviketoimitukset, vaikka saarto rikkoikin yleisesti hyväksyttyä kansainvälistä lakia, jonka useat kansainväliset sopimukset olivat kodifioineet edellisten kahdensadan vuoden aikana.",1.5980866948387824
444,Britannia miinoitti kansainvälisiä vesiä estääkseen laivojen pääsyn kokonaisille valtamerialueille ja aiheutti vaaraa jopa puolueettomille aluksille.,1.7099093749204761
445,"Koska taktiikka herätti vain rajallisia reaktioita, Saksa odotti samanlaista reaktiota rajoittamattomaan sukellusvenesotaansa.",1.705042508695784
446,1920-luvulla useimpien kansalaisten ja valtioiden vallitsevia asenteita olivat pasifismi ja eristäytyminen.,1.6574064373933353
447,Kansakunnat päättivät ensimmäisen maailmansodan kauhut ja hirmuteot nähtyään välttää tulevaisuudessa vastaavaa tilannetta.,1.6341954332818731
448,Tesla muutti Yhdysvaltoihin vuonna 1884 ottaakseen vastaan työpaikan Edison Companyssa New Yorkissa.,1.6264122468820983
449,"Hän saapui USA:an mukanaan neljä senttiä, runokirja ja suosituskirje Charles Batchelorilta (hänen edellinen esimiehensä) Thomas Edisonille.",2.268200995699559
450,Muinaisessa Kiinassa oli ainutlaatuinen tapa kuvata eri ajanjaksoja: Kiinan jokainen vaihe tai jokainen vallassa oleva suku oli oma dynastiansa.,1.6313681111792386
451,Lisäksi jokaisen dynastian välissä oli epävakaa maakuntien jakaantumisen aika. Tunnetuin näistä ajanjaksoista oli 60 vuotta kestänyt kolmen kuningaskunnan kausi Han- ja Jin-dynastioiden välillä.,1.8116042240350934
452,Näinä ajanjaksoina monet aateliset sotivat vimmatusti tavoitellessaan valtaistuinta.,1.743315080117925
453,Kolmen kuningaskunnan kausi oli yksi muinaisen Kiinan historian verisimmistä aikakausista. Tuhansia ihmisiä kuoli taistellessaan pääsystä istumaan Xi’anin mahtavan palatsin korkeimmalle istuimelle.,1.5868999339768581
454,"Yhteiskunnallisia ja poliittisia seurauksia oli paljon, kuten metrijärjestelmän käyttöönotto, siirtyminen itsevaltiudesta tasavaltalaisuuteen, kansallisuusaate ja usko siihen, että maa kuuluu kansalle eikä yhdelle ainoalle hallitsijalle.",1.551802018881925
455,Vallankumouksen jälkeen myös virat avautuivat kaikille miespuolisille hakijoille. Siten kunnianhimoisimmat ja menestyksekkäimmät saattoivat menestyä.,1.5677850175921164
456,"Sama päti armeijaan, koska sotilasarvot perustuivat nyt kyvykkyyteen luokka-aseman sijaan.",2.1932932482934175
457,Ranskan vallankumous innoitti myös muiden maiden sorrettuja työväenluokkia aloittamaan omat vallankumouksensa.,1.5974572127609143
458,"Muhammed oli syvästi kiinnostunut arkipäiväisen elämän ulkopuolisista asioista. Hän kävi usein mietiskelemässä luolassa, joka tuli tunnetuksi nimellä Hira ja sijaitsi valoa merkitsevällä Nur-vuorella.",1.7634623320461362
459,"Itse luola, jonka ajan hammas jätti rauhaan, luo hyvin elävän vaikutelman Muhammedin hengellisistä taipumuksista.",1.6445218502878174
460,"Luola sijaitsee yhdellä Mekan pohjoispuolella kohoavista vuorista, ja se on täysin eristyksissä muusta maailmasta.",1.522142384213685
461,"Itse asiassa sitä on hyvin vaikea löytää, vaikka tietäisi sen olevan olemassa. Luolan sisälle päästyä eristyneisyys on täydellistä.",1.286923521958891
462,"Näkyy vain selkeä, kaunis taivas yläpuolella ja monet ympäröivät vuoret. Luolan sisältä näkee tai kuulee hyvin vähän maallisesta maailmasta.",1.7556676144472552
463,"Egyptin Kuolleiden laaksossa sijaitsevalla Gizan tasangolla eli Gizan nekropolissa sijaitsee useita pyramideja (joista Suuri pyramidi on suurikokoisin), useita pieniä hautakammioita, useita temppeleitä sekä Gizan sfinksi.",2.1125127864114575
464,"Egyptiläisten 200-luvulla eaa. rakentama Suuri pyramidi on yksi monista suurista pyramidin muotoisista rakennelmista, joita tehtiin kuolleiden faraoiden kunniaksi.",1.7120329554828868
465,"Egyptin Kuolleiden laaksossa sijaitsevaan Gizan ylätasankoon eli Gizan nekropoliin kuuluu useita pyramideja (joista Suuri pyramidi on isoin), useita pieniä hautoja, useita temppeleitä ja Suuri sfinksi.",2.2891397502708166
466,"Suuri pyramidi rakennettiin farao Khufun kunniaksi, ja monet pienemmistä pyramideista, haudoista ja temppeleistä rakennettiin Khufun vaimojen ja perheenjäsenten kunniaksi.",1.7449720377004267
467,"Nousevan jousen merkki näyttää V-kirjaimelta ja laskevan jousen merkki on kuin niitti tai neliö, josta puuttuu alaviiva.",1.9823617399954223
468,"Nouseva jousi tarkoittaa, että sinun pitäisi aloittaa kärjestä ja työntää jousta. Laskeva tarkoittaa, että sinun pitäisi aloittaa frossista (siitä, mistä pidät jousesta kiinni kädelläsi) ja vetää jousta.",1.8489722426923754
469,"Nousevasta jousesta syntyy yleensä pehmeämpi ääni, laskeva jousi on vahvempi ja jämäkämpi.",2.082177474236235
470,"Voit vapaasti lisätä lyijykynällä omia merkintöjäsi, mutta muista, että painetut jousitusmerkit ovat nuoteissa musiikillisista syistä, joten niitä pitäisi yleensä noudattaa.",1.5694564900278782
471,"Työläisnaisista koostuva väkijoukko pakotti kauhistuneen kuningas Ludvig XVI:n, kuningatar Marie Antoinetten, heidän kaksi nuorta lastaan (11-vuotiaan Marie-Thérèsen ja 4-vuotiaan Louis-Charlesin) ja kuninkaan sisaren Elisabethin Versaillesista takaisin Pariisiin 6. lokakuuta 1789.",2.127433958592373
472,He tulivat vaunuissa takaisin Pariisiin väkijoukon piirittäessä heidät ja huutaessa uhkauksia kuninkaalle ja kuningattarelle.,1.4390197083504097
473,Väkijoukko pakotti kuninkaan ja kuningattaren avaamaan vaunujensa ikkunat kokonaan auki.,1.3876558396377863
474,Jossakin vaiheessa joku väkijoukosta heilutti Versaillesissa surmatun henkivartiokaartilaisen päätä järkyttyneen kuningattaren edessä.,1.9266507294257849
475,Filippiiniläiset joutuivat itse maksamaan Filippiinien valloituksesta yhdysvaltalaiselle imperialismille aiheutuneet sotakustannukset.,1.7585554819944909
476,"Heidät pakotettiin maksamaan Yhdysvaltain siirtomaahallinnolle veroja, joilla katettiin huomattava osa kustannuksista, ja huolehtimaan Wall Streetin pankkien Filippiinien hallituksen nimissä liikkeelle laskemien joukkovelkakirjojen koroista.",1.6095107106423778
477,Yhdysvaltojen imperialismin perushyöty muodostui tietenkin filippiiniläisten pitkällisestä hyväksikäytöstä saaduista jättivoitoista.,1.8463410324936254
478,"Temppeliherrojen ymmärtämiseksi tarvitsee ymmärtää, millaista taustaa vasten järjestö syntyi.",1.6975787441472343
479,"Tapahtumien aikakaudesta puhutaan yleensä sydänkeskiaikana, ajanjaksona Euroopan historiassa vuosien 1000 ja 1300 jKr. välillä.",1.9771143743557202
480,"Sydänkeskiaikaa edelsi varhaiskeskiaika, ja sen jälkeen tuli myöhäiskeskiaika, jonka yleisesti katsotaan päättyneen noin vuonna 1500.",2.202278675307164
481,"Teknologinen determinismi on termi, joka käytännössä kattaa hyvin monenlaisia ideoita ns. teknologian työntövoimasta eli teknologian välttämättömyydestä sellaiseen ehdottomaan käsitykseen, että ihmiskohtaloa ohjaa tieteellisiin lakeihin ja niiden ilmenemään tekniikassa perustuva logiikka.",1.724778542561481
482,"Useimmissa teknologisen determinismin tulkinnoissa on kaksi yhteistä perusajatusta: ensinnäkin, että itse teknologian kehitys seuraa reittiä, joka on pitkälti kulttuurillisen ja poliittisen vaikutuksen ulottumattomissa, ja toiseksi, että teknologialla vuorostaan on luontaisia pikemmin kuin yhteiskunnallisesti ehdollistettuja ""vaikutuksia"" yhteiskuntiin.",1.6343027279644453
483,Esimerkkinä voisi väittää auton keksimisen johtavan väistämättä teiden kehittämiseen.,1.633409993523942
484,"Toisaalta maanlaajuinen tieverkosto ei ole taloudellisesti kannattava vain muutamaa autoa varten, joten uusia tuotantotapoja kehitetään laskemaan auton omistamisen hintaa.",1.6754484031004102
485,"Autojen massaomistuksesta seuraa useampia onnettomuuksia tieliikenteessä, mikä johtaa uusien terveydenhoidon menetelmien keksimiseen vaurioituneiden kehojen korjaamiseksi.",1.5031424328999514
486,"Kulttuurillinen determinismi oli merkittävä aines romantiikassa ja ammennettu Goethen, Fichten ja Schlegelin kaltaisilta kirjailijoilta.",2.171511707160658
487,"Romantiikan yhteydessä maantieteen katsottiin muokkaavan yksilöitä. Ajan mittaan muotoutuivat tälle maantieteelliselle sijainnille tyypilliset tavat ja kulttuuri. Koska nämä olivat harmoniassa yhteiskunnan kanssa, ne toimivat paremmin kuin mielivaltaisesti säädetyt lait.",1.5504039953137556
488,Konstantinopolia pidettiin feodaaliajan Euroopan muotipääkaupunkina samaan tapaan kuin Pariisi tunnetaan nykymaailman muotipääkaupunkina.,2.138426074388558
489,Sen maine ylellisyyden keskipisteenä alkoi noin vuonna 400 jKr. ja jatkui noin vuoteen 1100 asti.,2.05042604211959
490,"Sen asema heikkeni 1100-luvulla pääasiassa siksi, että ristiretkeläiset olivat palanneet kotiin mukanaan silkin ja mausteiden kaltaisia lahjoja, joita arvostettiin enemmän kuin Bysantin markkinoiden tarjontaa.",1.63225737979656
491,Juuri tuolloin muotipääkaupungin arvonimi siirtyi Konstantinopolilta Pariisille.,1.9125058268679667
492,Goottilainen tyyli oli huipussaan 900- ja 1000-lukujen taitteen ja 1300-luvun välisenä aikana.,2.032584233722315
493,Aluksi vaatteet saivat voimakkaita vaikutteita idän bysanttilaisesta kulttuurista.,1.893453347190734
494,Hitaiden viestintäväylien takia Länsi-Euroopan tyylit kuitenkin saattoivat olla jäljessä 25–30 vuodella.,2.098055411166583
495,Keskiajan loppupuolella Länsi-Eurooppa alkoi kehittää omaa tyyliään. Yhtenä aikakauden merkittävimmistä kehitysaskeleista ihmiset alkoivat ristiretkien myötä käyttää nappeja vaatteiden kiinnittämiseen.,1.4617594118569646
496,"Omavaraisviljely on viljelyä, jossa tuotetaan tarpeeksi ruokaa vain viljelijän ja hänen perheensä elättämiseksi.",1.6532078986446719
497,"Omavaraistalous on yksinkertainen, usein luomuun perustuva järjestelmä, jossa käytetään ekoalueelle luontaisia siemeniä yhdistettynä vuoroviljelyyn tai muihin suhteellisen yksinkertaisiin tapoihin sadon maksimoimiseksi.",1.656478591777239
498,"Historiallisesti useimmat maanviljelijät harjoittivat omavaraisviljelyä, ja näin on edelleen monissa kehittyvissä maissa.",1.5775452672546617
499,"Alakulttuurit yhdistävät samanhenkisiä ihmisiä, jotka kokevat olevansa yhteiskunnan normien hyljeksimiä, ja näin he pystyvät kehittämään oman identiteetin.",1.478033973852586
500,"Alakulttuurit voivat erottua iän, etnisyyden, yhteiskuntaluokan, paikan ja/tai jäsenten sukupuolen perusteella.",1.7952308423704424
501,"Ominaisuudet, jotka määrittelevät alakulttuurin omakseen ja erillisekseen, voivat olla kielellisiä, esteettisiä, uskonnollisia, poliittisia, sukupuoleen tai seksuaalisuuteen liittyviä, maantieteellisiä tai useiden eri tekijöiden yhdistelmiä.",1.43334767962591
502,"Usein alakulttuurin jäsenet viestittävät jäsenyydestään tyylin tunnusmerkillisellä ja symbolisella käytöllä, johon kuuluvat muoti, käytöstavat ja oma slangi.",1.9806074871609014
503,"Yksi yleisimmistä menetelmistä sosialisaation tärkeyden osoittamiseksi on käyttää esimerkkinä niitä harvoja epäonnisia lapsia, jotka jäivät kasvaessaan vaille aikuisten tarjoamaa sosialisaatiota joko laiminlyönnin, huonon onnen tai tahallisen hyväksikäytön seurauksena.",1.498217393076768
504,"Tällaisia lapsia kutsutaan ""villeiksi"". Jotkut lapset ovat joutuneet ihmisten (usein omien vanhempiensa) eristämiksi. Joissakin tapauksessa hylkääminen on johtunut siitä, että vanhemmat ovat hylkineet lapsen vakavaa älyllistä tai fyysistä vammaa.",1.6326422779727072
505,Villilapset ovat saattaneet kokea vakavaa hyväksikäyttöä tai traumoja ennen hylätyksi tulemistaan tai karkaamistaan.,1.671702868863789
506,"Toisten väitetään olevan eläinten kasvattamia, joidenkin sanotaan eläneen omillaan luonnossa.",1.506951369037701
507,"Jos villilapsi on kasvatettu täysin jonkin muun eläimen kuin ihmisen toimesta, hän käyttäytyy (ruumiillisten rajoitustensa puitteissa) lähes täysin samalla tavoin hänen huoltajaeläimensä esimerkiksi osoittamalla samanlaista pelkoa tai välinpitämättömyyttä ihmisiä kohtaan.",1.545953586333018
508,Projektipohjaisen oppimisen tarkoitus on tehdä oppimisesta helpompaa ja kiinnostavampaa. Oppimisen oikea-aikainen tuki (scaffolding) menee vielä askeleen pidemmälle.,1.7900021677307498
509,"Tikapuut eivät ole oppimismenetelmä, vaan apukeino, joka tukee yksilöitä uudessa oppimiskokemuksessa, esimerkiksi uuden tietokoneohjelman käytössä tai uuden projektin aloittamisessa.",1.5444478089647327
510,"Tikapuut voivat olla sekä virtuaalisia että todellisia. Toisin sanoen opettaja on eräänlainen tikas, mutta niin on myös Microsoft Officen pieni paperiliitinukko.",1.8210004710233814
511,"Virtuaaliset tikapuut on sisäänrakennettu ohjelmistoon, ja niiden tarkoitus on esittää kysymyksiä, antaa kehotuksia ja selittää menettelytapoja, jotka ovat saattaneet olla oppijalle liian haastavia ilman kenenkään apua.",1.4923102797121655
512,"Lapsia asetetaan kasvatuskoteihin erinäisistä syistä, jotka vaihtelevat laiminlyönnistä pahoinpitelyyn ja jopa kiristykseen.",1.5918561487650222
513,"Kenenkään lapsen ei tulisi koskaan kasvaa ympäristössä, joka ei ole hoivaava, välittävä ja kasvattava, mutta jotkut elävät.",1.4957598823251324
514,Pidämme sijaiskotijärjestelmää turva-alueena näille lapsille.,1.5312128083778687
515,"Sijaiskotijärjestelmämme tarkoituksena on tarjota turvallinen koti, rakastavat holhoojat, tasainen koulutus ja luotettavaa terveydenhoitoa.",1.6202410805755618
516,"Lasten sijoituksen tarkoituksena on vastata kaikista niistä heidän perusedellytyksistään, joita heiltä puuttui aiemmissa kodeissaan.",1.3949193027983713
517,Internetissä yhdistyy sekä massaviestinnän että ihmisten välisen viestinnän aineksia.,1.723591771339908
518,Internetin erityispiirteet merkitsevät käyttötarkoitusteorian tapauksessa lisäulottuvuuksia.,1.6807306347732704
519,"Esimerkiksi ""oppimista"" ja ""sosialisaatiota"" esitetään tärkeiksi vaikuttumiksi Internetin käytölle (James ym. 1995).",2.279786268598747
520,"Eighmey ja McCord (1998) tunnistivat myös ""henkilökohtaisen osallistumisen"" ja ""jatkuvat suhteet"" uusiksi vaikutinten näkökulmiksi tutkiessaan yleisön reaktioita verkkosivustoihin.",2.254587437015214
521,Videonauhoitteiden käyttö on johtanut tärkeisiin löytöihin mikroilmeiden eli vain muutaman millisekunnin kestävien kasvojen liikkeiden tulkinnassa.,1.746740974523112
522,"Erityisesti on väitetty, että tulkitsemalla mikroilmeitä oikein on mahdollista tunnistaa, valehteleeko henkilö.",1.6731749471778703
523,"Oliver Sacks kuvasi artikkelissaan The President's Speech, miten ihmiset, jotka eivät aivovaurion vuoksi kykene ymmärtämään puhetta, pystyvät kuitenkin arvioimaan vilpittömyyttä tarkasti.",1.6457501412484574
524,"Hän jopa esittää, että eräillä eläimillä, kuten esimerkiksi kesykoirilla, saattaa olla samankaltaisia kykyjä ihmisten käyttäytymisen tulkintaan.",1.4401730872967113
525,"1900-luvun tutkimus on osoittanut, että on olemassa kaksi geneettisen muuntelun varastoa: piilevä ja ilmenevä.",1.6673104367051017
526,"Mutaatio lisää uutta geneettistä vaihtelua, valinta poistaa sen ilmenneiden vaihtelujen varastosta.",1.6835211169556208
527,Eriytyminen ja rekombinaatio siirtelevät joka sukupolven myötä vaihtelua edestakaisin näiden kahden varaston välillä.,1.7506068522069986
528,"Kädellisen, jolla on samankaltainen ruoansulatusjärjestelmä kuin ihmisellä, on vaikea saada tarpeeksi aminohappoja savannilla saatavilla olevista kasveista.",1.5580290407735444
529,"Lisäksi niitä ilman jäämisellä on vakavia seurauksia: kasvun hidastuminen, aliravitsemus ja lopulta kuolema.",2.1050686657172273
530,"Helpoimmin saatavilla olleet kasviresurssit olisivat olleet lehdistä ja hernekasveista saatavat proteiinit, mutta kaltaistemme kädellisten on vaikea sulattaa niitä ilman kypsennystä.",1.820931321672174
531,"Sen sijaan eläinperäinen ruoka (muurahaiset, termiitit, munat) on helposti sulavaa, ja lisäksi niistä saa runsaissa määrin kaikkia oleellisia aminohappoja sisältäviä valkuaisaineita.",2.038801090733437
532,"Näin ollen meidän ei ole syytä yllättyä, jos omat esivanhempamme ratkaisivat ""proteiiniongelmansa"" jokseenkin samalla tavalla kuin savannien simpanssit nykyisin.",1.680759160392579
533,Unen keskeytys tarkoittaa tahallista heräämistä normaalin unijakson aikana ja nukahtamista uudelleen hieman myöhemmin (10–60 minuutin kuluttua).,1.7339177733622466
534,"Tämä onnistuu helposti käyttämällä verrattain hiljaista herätyskelloa, joka palauttaa tietoisuuden muttei herätä kokonaan.",1.4976159918930436
535,"Jos huomaat sammuttavasi herätyskellon unissasi, voit sijoittaa sen toiselle puolelle huonetta, jolloin sinun on pakko nousta sängystä sammuttaaksesi sen.",1.2556774075969812
536,"Muihin biorytmiin pohjautuviin vaihtoehtoihin kuuluu runsas nesteiden juominen (erityisesti veden tai teen, joka tunnetaan diureettina) ennen nukkumaanmenoa, jolloin on pakko nousta vuoteesta virtsaamaan.",2.070651692465295
537,Henkilön sisäisen rauhan määrä vastaa päinvastaisessa suhteessa hänen ruumiinsa ja mielensä jännittyneisyyden määrää.,1.481375414884945
538,"Mitä vähemmän jännittyneisyyttä, sitä positiivisempi on hänen elämänvoimansa. Kaikkien on mahdollista löytää täydellinen rauha ja tyytyväisyys.",1.2290566236978349
539,Jokainen voi saavuttaa valaistumisen. Tämän tavoitteen ainoa este on oma jännittyneisyytemme ja negatiivisuutemme.,1.3953745877795645
540,"Tiibetin buddhalaisuus perustuu Buddhan opetuksiin, mutta niihin lisättiin käsitys mahajanasta eli suuresta polusta sekä monia intialaisen joogan tekniikoita.",2.0643973286124577
541,"Periaatteessa tiibetiläinen buddhalaisuus on hyvin yksinkertaista. Siihen kuuluvat kundaliinijooga, meditointi ja kaikkea syleilevän rakkauden polku.",2.042195554132736
542,"Kundaliinijoogassa kundaliinienergia (valaistumisenergia) herätetään jooga-asentojen, hengitysharjoitusten, mantrojen ja visualisoinnin kautta.",2.4732245523234413
543,"Tiibetiläisen meditaation keskus on jumaluusjooga. Jumaluuksien visualisoiminen puhdistaa energiakanavia, aktivoi chakroja ja kehittää tietoisuutta valaistumisesta.",2.0592820728933816
544,"Saksa oli yhteinen vihollinen toisessa maailmansodassa, minkä vuoksi Neuvostoliito ja Yhdysvallat tekivät yhteistyötä. Sodan päätyttyä järjestelmien, menettelyjen ja kulttuurien yhteentörmäykset johtivat maiden välirikkoon.",1.4163464226678513
545,"Kaksi vuotta sodan päättymisen jälkeen aikaisemmista liittolaista oli tullut vihollisia, mikä johti kylmään sotaan.",1.3427464529582787
546,"Sitä kesti seuraavien 40 vuoden ajan, ja sotaa käytiin oikeasti, sillä sijaisarmeijat sotivat Afrikan ja Aasian taistelukentillä, Afganistanissa, Kuubassa ja monissa muissa paikoissa.",1.4356819079173864
547,"Puolan puolustus oli jo murtunut 17.9.1939 mennessä, ja ainoana toivona oli vetäytyä ja järjestäytyä uudelleen Romanian sillanpääasemassa.",1.9170187652847064
548,"Nämä suunnitelmat tehtiin kuitenkin tyhjiksi melkein yhdessä yössä, kun yli 800 000 Neuvostoliiton puna-armeijan sotilasta eteni maahan ja loi Valko-Venäjän ja Ukrainan rintamat hyökättyään Puolan itäosiin. Tämä oli vastoin Riian rauhansopimusta, Neuvostoliiton ja Puolan hyökkäämättömyyssopimusta ja muita sekä kahdenvälisiä että monenkeskisiä kansainvälisiä sopimuksia.",1.6170987624534277
549,Laivojen käyttäminen tavaroiden kuljettamiseen on ylivoimaisesti tehokkain tapa liikuttaa suuria ihmis- ja tavaramääriä valtamerten yli.,1.5371712214503233
550,"Laivastojen tehtävä on perinteisesti ollut varmistaa, että oma maa säilyttää kykynsä liikuttaa omia ihmisiään ja tavaroitaan ja samalla häiritä vihollisen kykyä liikuttaa omia ihmisiään ja tavaroitaan.",1.5424226086658892
551,Yksi huomattavimmista viimeaikaisista esimerkeistä oli toisen maailmansodan aikainen Pohjois-Atlantin kampanja. Yhdysvaltalaiset yrittivät siirtää ihmisiä ja tarvikkeita Atlantin yli auttaakseen Britanniaa.,1.2219690737975555
552,Samaan aikaan Saksan laivasto yritti enimmäkseen sukellusveneillä estää tämän liikenteen.,1.5193467731020789
553,"Jos liittoutuneet olisivat epäonnistuneet, Saksa olisi luultavasti onnistunut valloittamaan Britannian aivan kuten muunkin Euroopan.",1.2196330007139706
554,Vuohet on nähtävästi kesytetty noin 10 000 vuotta sitten Iranin Zagrosvuorilla.,1.8602069860135875
555,"Muinaiset kulttuurit ja heimot alkoivat pitää niitä saadakseen helposti maitoa, karvaa, lihaa ja vuotia.",1.7541011163306208
556,"Kesyjä vuohia kasvatettiin tavallisesti laumoina, jotka vaelsivat mäkimaastossa tai muilla laitumilla. Usein niistä huolehtivat vuohipaimenet, jotka olivat monesti lapsia tai nuoria, kuten tunnetummat lammaspaimenet. Nämä paimennusmenetelmät ovat käytössä tänäkin päivänä.",1.7573891382367672
557,Vaunuteitä rakennettiin Englannissa jo niinkin varhain kuin 1500-luvulla.,1.6379981245656654
558,"Vaikka vaunutiet koostuivat pelkästään rinnakkaisista puulankuista, niiden ansiosta hevoset pystyivät vetämään vaunuja nopeammin ja suuremmilla kuormilla kuin senaikaisilla hieman epätasaisemmilla teillä.",1.6980804557219078
559,"Ratapölkyt otettiin käyttöön melko aikaisin pitämään raiteet paikoillaan. Vähitellen kuitenkin ymmärrettiin, että raiteet olisivat tehokkaampia, jos niiden päällä olisi rautainen kaistale.",1.516974918632643
560,"Käytännöstä tuli yleinen, mutta rauta kulutti vaunujen puisia pyöriä enemmän.",1.8354317277302408
561,Lopulta puupyörät korvattiin rautaisilla. Vuonna 1767 otettiin käyttöön ensimmäiset kokorautaiset raiteet.,1.998963722410419
562,"Ensimmäinen tunnettu kuljetusmuoto oli käveleminen. Ihmiset alkoivat kävellä pystyasennossa kaksi miljoonaa vuotta sitten, kun Homo erectus (eli pystyihminen) kehittyi.",1.7288567443493894
563,Sitä edeltänyt Australopithecus ei kävellyt pystyasennossa yhtä jatkuvasti.,2.11976375211137
564,"Kaksijalkaisuuteen erikoistumista löytyy Australopithecuksen 4,2–3,9 miljoonaa vuotta vanhoista fossiileista, vaikka Sahelanthropus on saattanut kävellä kahdella jalalla jo niinkin varhain kuin seitsemän miljoonaa vuotta sitten.",1.7963114538089355
565,"Voimme käydä elämään ympäristöystävällisemmin, voimme liittyä ympäristöliikkeeseen ja voimme jopa ryhtyä aktivisteiksi vähentääksemme tulevaa kärsimystä jonkin verran.",1.3337763972604957
566,"Tämä on monesti aivan kuin sairauden oireiden hoitoa, mutta jos emme halua pelkkää väliaikaisratkaisua, niin meidän tulisi löytää ongelmien juuret ja poistaa ne.",1.495760828329586
567,"On aivan ilmeistä, että maailma on muuttunut paljon ihmiskunnan tieteellisten ja teknisten edistysaskelten johdosta, ja ongelmat ovat kasvaneet ylikansoituksen ja ihmiskunnan tuhlaavaisen elämäntavan vuoksi.",1.3099417423580577
568,"Sen jälkeen, kun kongressi oli 4. heinäkuuta hyväksynyt sen, kongressin puheenjohtajan John Hancockin ja sihteerin Charles Thomsonin allekirjoittama käsinkirjoitettu kappale lähetettiin sitten John Dunlapin kirjapainoon muutaman korttelin päässä.",1.579532872056471
569,"Yön aikana painettiin 150–200 kopiota, jotka tunnetaan nykyään nimellä Dunlapin avoarkit.",2.216972838591635
570,John Nixon luki asiakirjan ensimmäisen kerran julkisesti ääneen Independence Hallin pihalla 8. heinäkuuta.,1.6766781512780635
571,"Yksi niistä lähetettiin 6. heinäkuuta George Washingtonille, joka antoi lukea sen joukoilleen New Yorkissa 9. heinäkuuta. Yksi kappale ehti Lontooseen 10. elokuuta.",1.5353145273482347
572,Yhä olemassa oleviksi tiedetyt 25 Dunlapin avoarkkia ovat asiakirjan vanhimmat säilyneet kopiot. Alkuperäinen käsinkirjoitettu kopio ei ole säilynyt.,2.2290145319181263
573,Monet nykypäivän paleontologit uskovat yhden dinosaurusten ryhmän selviytyneen ja elävän yhä. Kutsumme niitä linnuiksi.,1.6925814044006728
574,"Monet eivät ajattele niitä dinosauruksiksi, koska niillä on höyhenet ja ne osaavat lentää.",1.3124842700603574
575,"Mutta linnuissa on paljon kaikenlaista, joka näyttää yhä hirmuliskoilta.",1.6657802344454784
576,"Niillä on jalat, joissa on suomuja ja kynnet, ne munivat, ja ne kävelevät kahdella takajalallaan kuin tyrannosaurukset.",1.6717517444294445
577,Käytännössä kaikki nykyisin käytössä olevat tietokoneet perustuvat binäärilukuina koodatun tiedon käsittelyyn.,1.6143257714707049
578,Binääriluvulla voi olla vain yksi kahdesta arvosta eli joko 0 tai 1. Näitä numeroita kutsutaan binääriluvuiksi – tai tietokonepiirien ammattikielellä biteiksi.,2.2170870470307458
579,"Sisäinen myrkytys ei välttämättä ole välittömästi ilmeinen. Oksentaminen kaltaiset oireet ovat niin yleisiä, että diagnoosia ei voida tehdä heti.",1.4776684079890425
580,"Sisäisen myrkytyksen varmin tuntomerkki on näkyvissä oleva, avattu lääkepurkki tai myrkyllistä kotitalouskemikaalia sisältävä säiliö.",2.1760269952037583
581,Katso kyseistä myrkkyä koskevat ensiapuohjeet etiketistä.,2.2923143430321216
582,Entomologit käyttävät termiä luteet varsinaisesti tästä hyönteisryhmästä.,1.9770866202774688
583,"Termi juontuu siitä, että muinoin luteet ovat olleet hyvin yleisiä. Luteet ovat hyönteisiä, jotka ovat hyvin sopeutuneita ihmisten loisiksi.",1.640389314262523
584,"Petoluteet ja lutikat ovat molemmat pesäviipyisiä, mukautuneet elämään isäntänsä pesässä tai kotelossa.",2.187367763457951
585,"Yhdysvalloissa on noin 400 000 tunnettua multippeliskleroosi- eli MS-tautitapausta, joten se on nuorempien ja keski-ikäisten aikuisten yleisin neurologinen sairaus.",1.9615302885564598
586,"MS-sairaus vaikuttaa keskushermostoon, johon kuuluvat aivot, selkäydin ja näköhermo.",1.8459895744066257
587,"Tutkimus on osoittanut, että naisilla on kaksinkertainen taipumus sairastua MS-tautiin miehiin verrattuna.",1.4270913210625462
588,"Pariskunta voi päättää, ettei lapsen kasvattaminen ole heidän itsensä tai heidän lapsensa parhaaksi.",1.2752059527278983
589,Nämä pariskunnat voivat halutessaan laatia pienokaiselleen adoptiosuunnitelman.,1.4288046247995103
590,"Adoptiossa biologiset vanhemmat luopuvat oikeuksistaan vanhemmuuteen, jolloin toinen pari voi toimia lapsen vanhempina.",1.727231832994273
591,"Tieteen päätehtävä on selvittää tieteellisin menetelmin, miten maailma toimii. Tieteellinen menetelmä ohjaakin suurinta osaa tieteellisestä tutkimuksesta.",1.4023670837118083
592,"Kuitenkaan se ei ole ainoastaan kokeiden tekemistä, ja koe on testi, jota käytetään eliminoimaan yksi tai useampi mahdollinen hypoteesi. Kysymysten kysyminen ja havaintojen tekeminen ohjaavat myös tieteellistä tutkimusta.",1.4227549396675951
593,Luonnontieteilijät ja filosofit keskittyivät klassisiin teksteihin ja erityisesti latinankieliseen Raamattuun.,1.5106876001682528
594,"Aristoteleen näkemykset kaikissa tieteen asioissa hyväksyttiin, mukaan lukien psykologian alalla.",1.651482347823953
595,"Kun kreikan kielen taito heikkeni lännessä, se menetti kosketuksensa kreikkalaisiin filosofisiin ja tieteellisiin juuriinsa.",1.8285820347017467
596,Moni ruumiinrakenteessa ja käytöksessä havaittu rytmi riippuu usein hyvin olennaisesti sisäsyntyisten syklien olemassaolosta ja niiden syntymisestä biologisten kellojen avulla.,1.7495796323056436
597,"Kausittaisia rytmejä, jotka eivät ole pelkästään reaktioita ulkoisiin kausittaisiin ärsykkeisiin, on todettu useimmilla elävillä olennoilla, kuten bakteereilla, sienillä, kasveilla ja eläimillä.",1.4966002049810547
598,"Biologiset kellot ovat itseään ylläpitäviä oskillaattoreita, jotka jatkavat tietyn ajan vapaasti toimivaa kiertoa myös ulkoisten ärsykkeiden puuttuessa.",1.7542152181158932
599,"Hersheyn ja Chasen tutkimus oli yksi tärkeimmistä viitteistä siitä, että DNA on geneettistä materiaalia.",1.6263898690287457
600,Hershey ja Chase käyttivät faageja eli viruksia istuttaakseen oman DNA:nsa bakteeriin.,2.1880142871316237
601,He tekivät kaksi koetta joko merkiten faagissa olevan DNA:n radioaktiivisella fosforilla tai faagin proteiinin radioaktiivisella rikillä.,2.0861687366805053
602,"Mutaatioilla voi olla useita erilaisia vaikutuksia riippuen mutaation tyypistä, siitä, kuinka tärkeään perimän osaan ne ovat vaikuttaneet, ja siitä, ovatko ne vaikuttaneet sukusoluihin vai muihin soluihin.",1.6699181567869297
603,"Vain sukusoluissa tapahtuvat mutaatiot voivat periytyä lapsille, ja muualla tapahtuvat mutaatiot voivat aiheuttaa solukuoleman tai syövän.",1.7711849747996216
604,"Luontomatkailu houkuttelee ihmisiä, joita kiinnostaa luontokohteissa käyminen tarkoituksena nauttia maisemista – myös villeistä kasveista ja eläimistä.",1.6341146196966374
605,"Esimerkkejä toiminnasta matkakohteessa ovat metsästys, kalastus, valokuvaus, lintujen tarkkailu, puistovierailut ja tutustuminen ekosysteemistä kertoviin tietoihin.",1.6923886146337714
606,"Yhtenä esimerkkinä voidaan mainita Borneon orankien luona vierailu, niistä oppiminen sekä niiden valokuvaaminen.",1.958026411105096
607,"Joka aamu pienten maalaiskaupunkien asukkaat lähtevät autollaan töihin, ja heitä vastaan tulee toisia, joiden työpaikka on siellä, mistä he itse lähtivät.",1.4518919404556847
608,Tällaisessa dynaamisessa sukkulaliikenteessä kaikki ovat jotenkin yhteydessä yksityisautoihin perustuvaan liikennejärjestelmään ja samalla tukevat sitä.,1.5430348607784148
609,"Tiede antaa nyt viitteitä siitä, että valtava hiilitalous on sysännyt biosfäärin pois sellaisesta vakaasta tilasta, joka on tukenut ihmisen evoluutiota viimeisten kahden miljoonan vuoden ajan.",1.4527126863364204
610,Kaikki osallistuvat yhteiskuntaan ja käyttävät liikennejärjestelmiä. Melkein kaikki valittavat liikennejärjestelmistä.,1.0477654148128055
611,Kehittyneissä maissa kuulee harvoin yhtä paljon valituksia vedenlaadusta tai sortuvista silloista.,1.68811004377137
612,"Miksi liikennejärjestelmät aiheuttavat niin paljon valituksia, miksi ne pettävät päivittäin? Ovatko liikennesuunnittelijat vain epäpäteviä? Vai onko kyse jostakin perustavammanlaatuisesta?",1.3380535947879264
613,"Liikennevirta on tutkimusta, joka tarkastelee yksittäisten ajajien ja ajoneuvojen liikettä kahden pisteen välillä sekä niiden keskinäisiä vuorovaikutuksia.",1.4013091357853371
614,"Valitettavasti liikennevirran tutkiminen on vaikeaa, sillä ajajien käytöstä ei voi ennakoida sataprosenttisella varmuudella.",1.338845036991965
615,Onneksi kuskit käyttäytyvät suhteellisen yhdenmukaisesti. Siten liikennevirroilla on yleensä kohtalaisen hyvä johdonmukaisuus ja ne voidaan esitellä karkean matemaattisesti.,1.5993982838247778
616,"Jotta liikennevirtaa voitaisiin kuvata paremmin, on luotu suhde seuraavien kolmen pääominaisuuden välille: (1) virtauksen, (2) tiheyden ja (3) nopeuden.",2.15711546222543
617,"Näiden suhteiden ymmärtäminen auttaa tiestön kaavoittamisessa, suunnittelussa ja ylläpidossa.",1.6719070085080434
618,"Hyönteiset olivat ensimmäisiä eläimiä, jotka lähtivät lentoon. Lentokyky auttoi niitä välttämään vihollisia helpommin ja löytämään ruokaa ja kumppaneita tehokkaammin.",1.3418859886387584
619,"Useimmilla hyönteisillä on sellainen etu, että ne voivat taittaa siipensä taaksepäin vartaloaan vasten.",1.4878754376224688
620,"Näin niillä on käytössään laajempi valikoima pieniä paikkoja, joihin piiloutua pedoilta.",1.6561640347235023
621,"Sudenkorennot ja päivänkorennot ovat nykyisin ainoat hyönteiset, jotka eivät pysty taittamaan siipiään taaksepäin.",1.441347469319508
622,Tuhansia vuosia sitten muuan mies nimeltä Aristarkhos sanoi aurinkokunnan kiertävän aurinkoa.,1.6832048114403872
623,"Jotkut ajattelivat hänen olevan oikeassa, mutta monet uskoivat päinvastaista, eli että koko Aurinkokunta liikkuu maapallon ympäri, myös Aurinko (ja jopa muut tähdet).",1.4450404366774239
624,"Tämä vaikuttaa järkevältä, sillä Maa ei tunnu liikkuvan, vai mitä?",1.2801252819340323
625,Amazon on maailman toiseksi pisin ja suurin joki. Siinä on yli 8 kertaa enemmän vettä kuin toisiksi suurimmassa joessa.,1.6362190997557478
626,"Amazon on myös maailman levein joki, leveimmillään 6 mailia.",2.5785407457623544
627,Täydet 20 prosenttia planeettamme joista valtameriin virtaavasta vedestä on lähtöisin Amazonista.,1.6180434170513953
628,Varsinaisen Amazonjoen pituus on 6 387 km (3 980 mailia). Se kerää vettä tuhansista pienemmistä joista.,2.5847605075700053
629,"Vaikka pyramidien rakentaminen kivestä jatkui Vanhan valtakunnan loppuun saakka, Gizan pyramidien kokoa tai rakennustaitoa ei koskaan ylitetty.",1.6593463439666254
630,"Uuden valtakunnan muinaiset egyptiläiset ihailivat edeltäjiensä muistomerkkejä, jotka olivat jo tuolloin reilusti yli tuhannen vuoden ikäisiä.",1.382311244240428
631,Vatikaanivaltion asukasluku on noin 800. Se on maailman pienin itsenäinen valtio ja asukasluvultaan maailman pienin valtio.,1.9735175967731642
632,Vatikaanivaltio käyttää italian kieltä lainsäädännössään ja virallisessa viestinnässään.,2.221982828478522
633,"Suurin osa valtiossa työskentelevistä puhuu italiaa myös arkikielenään, mutta uskonnollisissa toimituksissa käytetään usein latinaa.",1.8762969497745274
634,Kaikki Vatikaanivaltion asukkaat ovat roomalaiskatolisia.,1.6736130203423463
635,"Ihmiset ovat tunteneet tavallisia kemiallisia alkuaineita, kuten kullan, hopean ja kuparin jo antiikin ajoista asti, koska kaikki ne esiintyvät luonnossa omana itsenään ja koska niitä on myös suhteellisen helppo louhia alkeellisilla työkaluilla.",1.4975794360571095
636,"Filosofi Aristoteles teoretisoi kaiken koostuvan yhden tai useamman alkuaineen yhdistelmästä. Ne olivat maa, vesi, ilma ja tuli.",2.135224116458968
637,"Se muistutti enemmän aineen neljää olomuotoa – samassa järjestyksessä kiinteä, nestemäinen, kaasu ja plasma – mutta hän teoretisoi myös, että ne muuttuvat toisiksi aineiksi muodostaakseen sen, mitä näemme.",1.7050768469529345
638,"Metalliseokset ovat pohjimmiltaan kahden tai useamman metallin seoksia. Älä unohda, että jaksollisessa järjestelmässä on monta alkuainetta.",1.6749917253083202
639,"Alkuaineet, kuten kalsium ja kalium lasketaan metalleiksi. On toki myös kullan ja hopean kaltaisia metalleja.",2.0668064863515654
640,"On myös metalliseoksia, joissa on pieniä määriä ei-metallisia alkuaineita kuten hiiltä.",1.7003164804242767
641,"Kaikki maailmankaikkeudessa koostuu aineesta. Kaikki aine koostuu pienistä hiukkasista, joita kutsutaan atomeiksi.",1.2830971684732135
642,"Atomit ovat niin uskomattoman pieniä, että niitä mahtuisi tämän lauseen päättävään pisteeseen biljoonittain.",1.5773283595979077
643,Niinpä lyijykynä olikin monille hyvä ystävä markkinoille tullessaan.,1.5553196400994886
644,Valitettavasti uusien kirjoitustapojen kehittyessä lyijykynän arvo ja käyttötarkoitukset ovat jääneet hyljeksitymmiksi.,1.581478785169595
645,"Nykyisin viestejä kirjoitetaan tietokoneen näytölle, eikä teroitinta tarvitse ikinä hamuta.",1.9527293908165835
646,"Voi vain arvailla, mitä näppäimistölle tapahtuu sitten, kun jotakin uudempaa tulee maisemiin.",1.4304717123963637
647,"Fissiopommi toimii periaatteella, että vaatii energiaa muodostaa ydin, joka koostuu monista protoneista ja neutroneista.",1.6426933445430418
648,Vähän niin kuin painavan kärryn työntäminen ylämäkeen. Ytimen halkaiseminen uudelleen vapauttaa taas osan tuosta energiasta.,1.852102515181603
649,"Joillakin atomeilla on epävakaa ydin, minkä vuoksi ne ovat taipuvaisia hajoamaan vähäisestä tai olemattomasta tönäisystä.",1.7948758486668246
650,Kuun pinta koostuu kivestä ja pölystä. Kuun ulommaista kerrosta kutsutaan sen kuoreksi.,1.8665121641638738
651,Kuun kuoren paksuus on noin 70 kilometriä Maahan näkyvällä puolella ja noin 100 kilometriä Kuun kääntöpuolella.,1.4935765202853302
652,Se on ohuempi merten alla ja paksumpi ylängöillä.,2.545093668393916
653,"Tummia merialueita saattaa olla näkyvällä puolella enemmän siksi, että kuori on ohuempi. Laavan oli helpompi nousta pinnalle.",1.980751784259333
654,"Sisältöteoriat kohdistuvat ensi sijassa tutkimaan, mikä on ihmisten käytöksen takana tai mikä vetoaa heihin.",1.7028016020538752
655,"Näiden teorioiden mukaan ihmisillä on tiettyjä tarpeita ja/tai haluja, jotka he ovat sisäistäneet aikuistuessaan.",1.6083461002352357
656,"Nämä teoriat tarkastelevat sitä, miksi jotkut ihmiset haluavat sitä, mitä he haluavat, ja mitkä asiat heidän ympäristössään saavat heidät tekemään tai jättämään tekemättä tiettyjä asioita.",1.0768740375234869
657,Maslow’n tarvehierarkiateoria ja Hertzbergin kaksifaktoriteoria ovat suosittuja sisältöteorioita.,2.9599373624778567
658,"Kun johtajat alkavat johtaa aiempia vertaisiaan, yleisesti ottaen voi muodostua kaksi eri käytösmallia. Asteikon toisessa päässä on yritys pysyä ""yhtenä jätkistä"" (tai likoista).",2.039336480306485
659,"Tällaisella johtajalla on vaikeuksia tehdä epäsuosittuja päätöksiä, pitää kuria, arvioida suorituskykyä, jakaa vastuuta ja pitää ihmisiä tilivelvollisina.",1.3860928970433999
660,"Asteikon toisessa päässä ihminen muovautuu tunnistamattomaksi yksilöksi, joka tuntee, että hänen on muutettava kaikki, mitä ryhmä on tehnyt, ja tehtävä siitä omansa.",1.5270043468099948
661,Johtajahan on viime kädessä vastuussa ryhmän onnistumisista ja epäonnistumisista.,1.5737120867679435
662,Tällainen käytös johtaa usein erimielisyyksiin johtajien ja muun ryhmän välille.,1.3628895874437927
663,Virtuaalisilta tiimeiltä odotetaan samaa laatutasoa kuin perinteisiltä tiimeiltä mutta hienoisin eroavaisuuksin.,2.1471713581112053
664,Virtuaaliset tiimin jäsenet toimivat välittömän fyysisen ryhmänsä yhteyshenkilöinä.,1.6023613800669663
665,"Heillä on usein enemmän päätösvaltaa kuin tavallisilla tiimin jäsenillä, sillä heidän tiiminsä saattavat tavata eri aikavyöhykkeiden mukaan eikä heidän paikallinen hallintonsa ehkä aina ymmärrä tätä.",1.3841609548125378
666,"Todellisen ""näkymättömän tiimin"" läsnäolo (Larson ja LaFasto 1989, 109) on myös yksi virtuaalisen tiimin ainutlaatuisista osatekijöistä.",2.203584164955725
667,"Näkymätön tiimi on johtotiimi, jolle kaikki jäsenet raportoivat. Näkymätön tiimi määrää jokaisen jäsenen vaatimustason.",1.7576369319963163
668,"Miksi organisaatio haluaisi käydä läpi aikaa vievän prosessin, jonka oppimisjärjestön perustaminen vaatii? Yksi järjestelmällisten oppimiskonseptien käytäntöönpanon tavoitteista on innovaatio.",1.6212207143762973
669,"Kun kaikkia käytettävissä olevia resursseja käytetään tehokkaasti kaikilla organisaation toimivilla osastoilla, voi syntyä luovuutta ja kekseliäisyyttä.",1.2997453787317244
670,"Sen tuloksena prosessi, jossa organisaatio toimii yhdessä voittaakseen esteen, voi johtaa uuteen innovatiiviseen prosessiin, joka palvelee asiakkaiden tarpeita.",1.2651369876574239
671,"Ennen kuin organisaatio voi olla innovatiivinen, johtajien tulee luoda innovatiivinen kulttuuri sekä jakaa tietoa ja organisatorista oppimista.",1.3700551110949688
672,"Angel (2006) kuvaa jatkumo-lähestymistapaa menetelmäksi, jota käytetään auttamaan organisaatioita tavoittamaan korkeamman suoritustason.",2.0676456785272497
673,Neurobiologisista tiedoista saadaan fyysisiä todisteita tajunnan tutkimisen teoreettiselle lähestymistavalle. Siksi se kaventaa tutkimusaluetta ja tekee siitä paljon eksaktimman.,1.67609947519667
674,Aivopatologian ja käytöksen välinen korrelaatio tukee tieteilijöiden tutkimusta.,1.6828476245562896
675,"Jo pitkään on tiedetty, että erilaiset aivovauriot, traumat, leesiot ja kasvaimet vaikuttavat käyttäytymiseen ja aiheuttavat muutoksia eräissä psyykkisissä toiminnoissa.",1.5647873687161362
676,"Uusien teknologioiden lisääntyminen antaa mahdollisuuden nähdä ja tutkia aivojen rakenteita ja prosesseja, joita ei ole koskaan aiemmin nähty.",1.1200418680149191
677,"Näin saamme paljon tietoa ja materiaalia luodaksemme simulaatiomalleja, jotka auttavat meitä ymmärtämään mielemme prosesseja.",1.203191109739354
678,"Vaikka tekoälyn mielletään vahvasti liittyvän tieteiskirjallisuuteen, se on hyvin tärkeä tietotekniikan haara, joka tutkii koneiden käyttäytymistä, oppimista ja älykästä sopeutumista.",1.4535081371099257
679,"Tekoälytutkimuksessa yritetään saada koneet suoriutumaan automaattisesti tehtävistä, jotka vaativat älykästä toimintaa.",1.4719476537976957
680,"Esimerkkeihin kuuluvat valvonta, suunnittelu ja aikataulujen laadinta, kyky vastata asiakkaan diagnooseihin ja kysymyksiin sekä käsialan, äänen ja kasvojen tunnistus.",1.6748136344633726
681,"Näistä on tullut eriytyneitä oppialoja, jotka keskittyvät tarjoamaan ratkaisuja todellisiin ongelmiin.",1.6524079066509878
682,"Nykyään tekoälyä käytetään usein taloustieteen, lääketieteen, tekniikan ja maanpuolustuksen aloilla aivan niin kuin se kuuluu sisäänrakennettuna useisiin kotitietokoneiden ja videopelien ohjelmistosovelluksiin.",1.7113338022251599
683,"Luokkaretket ovat tärkeä osa opetusta. Usein opettaja haluaisi viedä oppilaat paikkoihin, mihin ei pääse linja-autolla.",1.6420640356472826
684,"Teknologia tarjoaa ratkaisun eli virtuaaliset luokkaretket. Oppilaat voivat katsella museoesineitä, käydä akvaariossa tai ihailla kaunista taidetta istuessaan pulpetissa.",1.7085704747882002
685,Luokkaretken jakaminen virtuaalisesti on erinomainen tapa muistella sitä ja jakaa kokemuksia tulevien luokkien kanssa.,1.5617716774430699
686,"Esimerkiksi joka vuosi pohjoiscarolinalaisen Bennetin koulun oppilaat suunnittelevat verkkosivuston matkastaan osavaltion pääkaupunkiin. Sivusto uudistetaan vuosittain, mutta sen vanhat versiot säilytetään verkossa eräänlaisena leikekirjana.",1.563091779646614
687,"Blogit voivat myös auttaa parantamaan oppilaiden kirjoitustaitoa. Oppilaiden blogikokemuksen alkuvaiheessa kielioppi ja oikeinkirjoitus ovat usein huolimattomia, mutta yleisön läsnäolo yleensä muuttaa asian.",1.588421580666635
688,"Koska oppilaat itse ovat usein kriittisin yleisö, blogin kirjoittaja alkaa nähdä vaivaa parantaakseen kirjoittamistaan ja välttääkseen kritiikkiä.",1.6261907475518214
689,"Lisäksi bloggaaminen ""pakottaa opiskelijat hiffaamaan paremmin maailman heidän ympärillään"". Tarve ruokkia lukijakunnan kiinnostusta innostaa opiskelijoita olemaan nokkelia ja kiinnostavia (Toto 2004).",2.2614260449383243
690,"Bloggaaminen on työkalu, joka innostaa yhteistyöhön ja rohkaisee oppilaita laajentamaan oppimistaan pitkälle perinteisen koulupäivän ulkopuolelle.",1.5564621015860043
691,"Blogien asianmukainen käyttö ""voi antaa opiskelijoille mahdollisuuden olla analyyttisempia ja kriittisempiä. Vastaamalla aktiivisesti Internetin materiaaleihin opiskelijat voivat määritellä asemansa muiden ihmisten kirjoitusten taustaa vasten sekä tuoda esiin oman näkökulmansa puheena olevaan kysymykseen"" (Oravec 2002).",1.6162505797124407
692,"Ottawa on Kanadan viehättävä kaksikielinen pääkaupunki, jossa on runsas joukko taidegallerioita ja Kanadan menneisyyttä ja nykyisyyttä esitteleviä museoita.",1.7119904498773897
693,"Kauempana etelässä ovat Niagaran putoukset ja pohjoisessa on muun muassa koskematon, luonnonkaunis Muskoka.",2.103254904415878
694,"Nämä ja monet muut seikat luovat Ontariosta vaikutelman paikkana, jota ulkopuoliset pitävät Kanadan perikuvana.",1.969020110554228
695,"Suuret alueet pohjoisemmassa ovat melko harvaan asuttuja, ja osa niistä on lähes asuttamatonta erämaata.",1.852340993238736
696,Seuraava väestöllinen vertaus yllättääkin monet: Yhdysvalloissa asuu enemmän afroamerikkalaisia kuin Kanadassa kansalaisia ylipäätään.,1.464470939957302
697,Itä-Afrikan saaret sijaitsevat Intian valtameressä Afrikan itärannikon edustalla.,1.3383275772906431
698,Madagaskar on niistä selvästi isoin ja luontonsa puolesta kuin oma mantereensa.,1.863969670343067
699,"Suurin osa pienemmistä saarista on itsenäisiä valtioita tai osa Ranskaa, ja ne tunnetaan ylellisinä rantakohteina.",1.9202098313512714
700,"Arabit toivat maihin mukanaan myös islamin, ja se sai Komoreilla ja Mayottella paljon tuulta siipiensä alle.",2.1498098376840864
701,"Euroopan vaikutus ja kolonialismi alkoivat 1400-luvulla, kun portugalilainen tutkimusmatkailija Vasco da Gama löysi merireitin Euroopasta Intiaan.",1.7682696393524326
702,Aluetta rajaa pohjoisessa Sahel ja etelässä ja lännessä Atlantin valtameri.,2.0471620144284826
703,"Naiset – Kaikkia naismatkailijoita suositellaan todellisesta siviilisäädystä riippumatta sanomaan, että he ovat naimisissa.",1.7334455211209963
704,Myös sormuksen käyttäminen auttaa (kunhan se ei näytä liian arvokkaalta.,1.882511700948518
705,"Naisten tulisi ymmärtää, että kulttuurieroista voi aiheutua sellaista, mitä he saattavat kokea ahdisteluksi. Ei ole epätavallista, että joku lähtee seuraamaan perässä, tarttuu käsivarresta tms.",1.576143255435044
706,Ole tiukka torjuessasi miehiä äläkä pelkää pitää puoliasi (kulttuurierot eivät tee lähentelystä oikeutettua!).,2.114622827533107
707,"Casablancan moderni kaupunki perustettiin 900-luvulla eaa. berberikalastajien toimesta, ja sekä foinikialaiset, roomalaiset että merinidit käyttivät sitä strategisena satamana, jota he kutsuivat nimellä Anfa.",2.064387875762725
708,Portugalilaiset hävittivät sen ja jälleenrakensivat sen nimellä Casa Branca vain hylätäkseen sen maanjäristyksen jälkeen vuonna 1755.,1.6672259898614616
709,"Marokon sulttaani jälleenrakensi kaupungin nimellä Dar-ul-Badya, ja sinne kauppa-asemia perustaneet espanjalaiset kauppiaat antoivat sille nimen Casablanca.",2.0624654801502498
710,Casablanca on yksi Marokon vähiten mielenkiintoisista ostospaikoista Marokossa.,1.8852390216607489
711,"Vanhasta medinasta on helppo löytää paikkoja, joissa myydään perinteisiä marokkolaisia tuotteita, kuten tagineita, savitavaraa, nahkatuotteita, vesipiippuja sekä laaja kirjo rihkamaa, mutta kaikki sellainen on tarkoitettu matkailijoille.",1.8257372159043748
712,"Goma on matkailukaupunki Kongon demokraattisen tasavallan itäreunalla, lähellä Ruandaa.",1.7905347677732182
713,"Vuonna 2002 Nyiragongo-tulivuoren laava tuhosi Goman ja hautasi alleen suurimman osan sen kaduista, etenkin kaupunkikeskustassa.",2.3981040698516933
714,"Goma on kohtuullisen turvallinen, mutta kaikki retket kaupungin ulkopuolelle vaativat ennakkotutkimuksia Pohjois-Kivun maakunnassa jatkuvien taistelujen senhetkisen tilan selvittämiseksi.",1.6295244555269788
715,Kaupunki on myös Nyiragongo-tulivuorelle kiipeämisen lähtöpaikka. Sieltä löytää myös Afrikan halvimpia vuorigorillojen jäljittäjiä.,2.232755632678937
716,Gomassa liikkumiseen voi käyttää boda-bodaa (moottoripyörätaksia). Tavallinen (paikallinen) taksa on noin 500 Kongon frangia lyhyestä ajomatkasta.,2.4191545201483358
717,"Kun tämä yhdistetään sen verrattain hankalaan sijaintiin, ""Timbuktua"" on alettu käyttää eksoottisten, kaukaisien maiden vertauskuvana.",2.1613064457034796
718,"Nykyisin Timbuktu on köyhtynyt kaupunki, vaikka sen maine tekeekin siitä matkailukohteen, ja siellä on lentokenttä.",2.0175307145415706
719,Se lisättiin vaarantuneiden maailmanperintökohteiden luetteloon vuonna 1990 autiomaan hiekan muodostaman uhan vuoksi.,1.5672027188452904
720,Se oli yksi tärkeimmistä pysähdyspaikoista Henry Louis Gatesin PBS-erikoisohjelmassa Wonders of the African World.,2.079487055692065
721,"Kaupunki on jyrkkä vastakohta maan muille kaupungeille, koska siinä on enemmän arabialaista kuin afrikkalaista tuntua.",1.3035828802431284
722,"Krugerin kansallispuisto (KNP) sijaitsee Etelä-Afrikan koillisosassa ja rajoittuu idässä Mosambikiin, pohjoisessa Zimbabween ja etelässä Crocodilejokeen.",2.126163177900242
723,"Puiston pinta-ala on 19 500 km², ja se on jaettu 14 eri luontoalueeseen, joista jokainen tukee erilaista eläimistöä ja luonnonkasveja.",1.8716302451141742
724,Se on yksi Etelä-Afrikan päänähtävyyksistä ja sitä pidetään Etelä-Afrikan kansallispuistojen (SANParks) lippulaivana.,2.0753691767513955
725,"Puistossa peritään päivittäinen suojelu- ja sisäänpääsymaksu, kuten kaikissa Etelä-Afrikan kansallispuistoissa.",1.5160929475566913
726,"Voi olla hyödyllistä ostaa myös Wild Card (villi kortti), jolla pääsee joko osaan Etelä-Afrikan puistoista tai kaikkiin Etelä-Afrikan kansallispuistoihin.",1.8412656651407446
727,"Hongkongin saari antaa Hongkongin alueelle nimensä, ja se on monien matkailijoiden pääkohteena.",1.832658945517719
728,"Hongkongin siluetin muodostavaa rakennusten kulkuetta on verrattu kimaltavaan pylväskaavioon, joka tulee parhaiten ilmi Victorian sataman vedessä.",2.1392494669954076
729,Hongkongin parhaat puolet näkee lähtemällä saarelta ja suuntaamalla vastapäätä sijaitsevalle Kowloonin satama-alueelle.,1.9404957772615476
730,Valtaosa Hongkongin saaren kaupunkialueesta sijaitsee pohjoisrannan täpötäyteen rakennetulla täyttömaalla.,2.149147124472483
731,"Juuri tämän paikan brittiläiset siirtomaaisännät ottivat omakseen, ja jos hakee merkkejä alueen siirtomaahistoriasta, se on hyvä paikka aloittaa.",1.5035098521544805
732,Sundarban on maailman suurin mangrovemetsäalue. Se ulottuu 80 kilometriä (50 mailia) rannikolta Bangladeshin ja Intian takamaille.,2.2297926400308103
733,Sundarban on julistettu Unescon maailmanperintökohteeksi. Metsän Intian puolella sijaitsevaa osaa kutsutaan Sundarbanin kansallispuistoksi.,1.9245155382044565
734,"Metsät eivät kuitenkaan ole pelkkiä mangrovesoita, vaan niihin kuuluu joitakin viimeisiä jäänteitä niistä mahtavista viidakoista, jotka aikoinaan peittivät koko Gangesin tasangon.",1.5801949511920785
735,"Sundarban kattaa 3 850 neliökilometrin alueen, josta noin kolmasosa on vesi- tai suoalueiden peitossa.",2.1218945909872193
736,"Vuodesta 1966 asti Sundarbans on ollut villieläinten suojelualue. Arvioidaan, että siellä on nykyään 400 intiantiikeriä ja suunnilleen 30 000 aksishirveä.",2.0531135549753325
737,"Linja-autoja lähtee piirikuntainväliseltä linja-autoasemalta (joen toisella puolella) koko päivän ajan, joskin useimmat, etenkin itään ja Jakariin ja Bumthangiin kulkevat, lähtevät kello 6.30 ja 7.30 välisenä aikana.",1.9988095798047651
738,"Koska alueen sisäiset linja-autot ovat usein täysiä, on suositeltavaa ostaa lippu muutama päivä etukäteen.",1.4770388210620455
739,"Suurimpaan osaan piirikuntia kulkee pieniä japanilaisia Coaster-linja-autoja, jotka ovat mukavia ja tukevatekoisia.",2.1548863605336455
740,"Kimppataksit ovat nopea ja mukava tapa matkustaa lähellä oleviin paikkoihin, kuten Paroon (150 ngultrumia) ja Punakhaan (200 ngultrumia).",2.663655084539621
741,Oyapock-joen silta on vinoköysisilta. Se kulkee Oyapock-joen ylitse ja yhdistää Brasiliassa olevan Oiapoquen ja Ranskan Guayanassa sijaitsevan Saint-Georges de l'Oyapockin kaupungit.,2.600556936105766
742,"Sen kaksi tornia kohoavat 83 metrin korkeuteen, se on 378 metriä pitkä, ja siinä on kaksi kolmen ja puolen metrin levyistä kaistaa.",1.5695569221285721
743,"Sillan alikulkukorkeus on 15 metriä. Rakennustyöt päättyivät elokuussa 2011, mutta silta avattiin liikenteelle vasta maaliskuussa 2017.",1.6266260373688348
744,"Aikataulun mukaan sillan tulisi olla täydessä käyttökunnossa syyskuussa 2017, jolloin Brasilian raja-asemien arvioidaan valmistuvan.",1.4386967048361772
745,"Guaranit olivat merkittävin nykyisen Itä-Paraguayn alueella asuneista alkuperäisryhmistä. He elivät puoliksi paimentolaisina metsästäjinä, mutta harjoittivat myös omavaraisviljelyä.",2.002757086926884
746,"Chacon alueella asui muita alkuperäisheimoja, kuten guaycurút ja payaguát, jotka tulivat toimeen metsästämällä, keräilemällä ja kalastamalla.",2.0660520478223363
747,"Paraguay, jota ennen kutsuttiin ""Intioiden jättiläismaakunnaksi"", syntyi espanjalaisvalloittajien ja maan alkuperäiskansojen kohtaamisen tuloksena 1500-luvulla.",1.8327226623743478
748,"Espanjalaiset aloittivat siirtomaa-ajan, jota kesti kolmesataa vuotta.",1.3695986011712107
749,Paraguay on onnistunut Asunciónin perustamisesta vuonna 1537 lähtien säilyttämään suuren osan alkuperäisestä luonteestaan ja identiteetistään.,1.7322565426077414
750,Argentiina on kuuluisa maailman parhaisiin kuuluvista poolojoukkueesta ja pelaajista.,1.6307884113937077
751,Vuoden suurin turnaus käydään joulukuussa Las Cañitasin poolokentillä.,2.2260597804068154
752,Pienempiä turnauksia ja otteluita voi nähdä myös muina vuodenaikoina.,1.8490352696497316
753,Argentiinan poololiitolta saa uutisia turnauksista ja poolo-otteluiden lippujen ostopaikoista.,2.412542532998784
754,"Falklandsaarten virallinen valuutta on Falklandin punta (FKP), jonka arvo on sidottu vastaamaan Englannin puntaa (GBP).",2.254725457861798
755,"Rahaa voi vaihtaa vain saarten ainoassa pankissa, joka sijaitsee Stanleyssä, FIC West -kauppaa vastapäätä.",1.8922926319270716
756,"Englannin punnat käyvät pääsääntöisesti kaikkialla saarilla, ja Stanleyssa käyvät usein myös luottokortit ja Yhdysvaltojen dollarit.",1.9337375708376792
757,"Luottokortit eivät todennäköisesti kelpaa ulkosaarilla, vaikka Ison-Britannian ja Yhdysvaltojen valuutat voivatkin olla käypiä. Selvitä käypä maksutapa kysymällä omistajilta etukäteen.",1.7872851032426194
758,"Falklandsaarten valuutan vaihtaminen itse saarten ulkopuolella on miltei mahdotonta, joten vaihda rahasi ennen saarilta lähtemistä.",1.8523071129594801
759,"Koska Montevideo sijaitsee päiväntasaajan eteläpuolella, siellä on kesä, kun pohjoisella pallonpuoliskolla on talvi, ja päinvastoin.",1.4763776241734343
760,"Montevideo sijaitsee subtrooppisella vyöhykkeellä, ja kesäkuukausina yli 30 asteen lämpötilat ovat tavallisia.",1.839339116379196
761,"Talvi voi olla petollisen kolea: lämpötila laskee harvoin pakkasen puolelle, mutta tuulen ja kosteuden yhdistelmä saa ilman tuntumaan lämpömittarin lukemaa kylmemmältä.",1.7134617746849556
762,Erityisiä sadekausia ja kuivia kausia ei ole: sateen määrä pysyy kutakuinkin samana läpi vuoden.,2.3074017956478547
763,"Vaikka monet puiston eläimet ovat tottuneet näkemään ihmisiä, villieläimet ovat silti villejä, eikä niitä tulisi ruokkia tai häiritä.",1.2409104500782433
764,"Puiston viranomaiset ohjeistavat pysymään vähintään 100 jaardin/metrin päässä karhuista ja susista, sekä 25 jaardin/metrin päässä muista villieläimistä.",2.075140492898217
765,"Biisonit, hirvet, karhut ja melkein kaikki suuret eläimet voivat hyökätä, vaikka ne saattavat näyttää hyvinkin säyseiltä.",1.7769267954502186
766,"Joka vuosi kymmeniä vierailijoita loukkaantuu, koska he eivät pitäneet riittävää etäisyyttä. Nämä eläimet ovat suuria, villejä ja mahdollisesti vaarallisia, joten antakaa niille tilaa.",1.219700720638829
767,"Otathan lisäksi huomioon, että hajut houkuttelevat karhuja ja muita villieläimiä, joten vältä voimakkaasti tuoksuvien ruokien tuomista tai valmistamista ja pidä leiri siistinä.",1.7438176506494278
768,"Apia on Samoan pääkaupunki. Kaupunki sijaitsee Upolun saarella, ja sen väkiluku on hieman alle 40 000.",1.825549626158764
769,"Apia perustettiin 1850-luvulla, ja se on ollut Samoan virallinen pääkaupunki vuodesta 1959.",1.5971995976631028
770,"Satamassa koettiin pahamaineinen laivastojen välinen pattitilanne vuonna 1889, jolloin seitsemän alusta – saksalaista, yhdysvaltalaista ja brittiläistä – kieltäytyi lähtemästä satamasta.",1.6625589636421523
771,Kaikki laivat upposivat yhtä brittiläistä risteilijää lukuun ottamatta. Samalla menetettiin lähes 200 yhdysvaltalaista ja saksalaista henkeä.,1.4284090348730545
772,Mau-liikkeen järjestämän itsenäisyyskamppailun aikana kaupungissa pidetty rauhallinen kokoontuminen johti suurpäällikkö Tupua Tamasese Lealofi III:n surmaan.,2.220166200932369
773,"Siellä on paljon hiekkarantoja, koska Auckland sijaitsee kahden sataman välissä. Suosituimmat sijaitsevat kolmella eri alueella.",1.525189787045676
774,North Shoren rannat (North Harbourin kaupunginosassa) ovat Tyynenmeren rannalla ja jatkuvat pohjoisen Long Baysta etelän Devonportiin.,2.5279137408595598
775,"Melkein kaikki ovat hiekkarantoja, joilla on turvallista uida, ja pohutukawa-puut antavat useimmilla varjoa.",2.1072722857924604
776,Tamaki Driven rannat sijaitsevat Waitematan satamassa Mission Bayn ja St Heliersin varakkaissa kaupunginosissa Keski-Aucklandissa.,2.646201056047986
777,"Ne ovat toisinaan ruuhkaisia perherantoja, ja rantaviivaa reunustaa hyvä valikoima kauppoja. Uiminen on turvallista.",2.051515902230821
778,"Tärkein paikallinen olut on ""Number One"". Se ei ole moniulotteinen olut, mutta miellyttävä ja virkistävä. Toinen paikallinen olut on nimeltään ""Manta"".",1.7509987490647585
779,"Tarjolla on useita kokeilemisen arvoisia ranskalaisia viinejä, mutta uusiseelantilaiset ja australialaiset viinit saattavat säilyä paremmin matkalla.",1.594717029784873
780,"Paikallista hanavettä on täysin turvallista juoda, mutta varovaiset löytävät kyllä pullovettä helposti.",1.811536340687403
781,"Ajatus flat white -tyyppisestä maitokahvista on australialaisille vieras. Pieni musta kahvi tunnetaan espressona, ja cappuccino tarjotaan suurella määrällä kermavaahtoa vaahdotetun maidon sijaan. Tee tarjotaan ilman maitoa.",2.1001378433097284
782,Kaakao vastaa belgialaisia standardeja. Hedelmämehut ovat hintavia mutta erinomaisia.,1.991125749270957
783,"Riutalle järjestetään paljon retkiä ympäri vuoden, ja mistään näistä syistä sattuneet loukkaantumiset ovat riutalla harvinaisia.",1.6782213256446101
784,"Ota siis vaari viranomaisten neuvoista, tottele kaikkia kylttejä ja kiinnitä tiiviisti huomiota turvallisuusvaroituksiin.",1.3836096023895927
785,Kuutiomeduusoita tavataan 1770:n pohjoispuolella rantojen ja jokisuistojen lähettyvillä lokakuusta huhtikuuhun. Satunnaisesti niitä voi kohdata myös muulloin.,2.203410304454086
786,"Haita on olemassa, mutta ne hyökkäävät harvoin ihmisten kimppuun. Useimmat hait pelkäävät ihmisiä ja todennäköisesti uivat pois paikalta.",1.3233344012535144
787,"Suistokrokotiilit eivät varsinaisesti elä meressä, vaan niiden ensisijainen elinympäristö ovat jokisuistot Rockhamptonista pohjoiseen.",1.9186552919238464
788,"Matkustaja saa ennakkoon varatessaan mielenrauhan siitä, että kohteeseen päästessään hänellä on jokin nukkumispaikka.",1.7604169072451783
789,"Matkatoimistoilla on usein tarjouksia tiettyihin hotelleihin, mutta matkatoimiston kautta saattaa olla mahdollista varata myös muunlaista majoitusta, kuten leirintäalueita.",1.5523592422656982
790,"Matkatoimistot tarjoavat yleensä paketteja, joihin kuuluu aamiainen, kuljetusjärjestelyt lentokentälle ja sieltä pois ja jopa yhdistettyjä lento- ja hotellipaketteja.",1.595921421326764
791,"He voivat myös pitää varaustasi voimassa, jos tarvitset aikaa tarjouksen miettimiseen tai hankkiaksesi kohdettasi varten muita asiakirjoja (esim. viisumin).",1.5626622357485422
792,Kaikki muutokset ja pyynnöt tulisi kuitenkin ohjata ensin matkatoimiston kautta eikä suoraan hotelliin.,1.4577619767448702
793,"Joidenkin festivaalien kohdalla suuri enemmistö musiikkifestivaalin osallistujista päättää leiriytyä alueella, ja useimmat osallistujat pitävät sitä oleellisena osana kokemusta.",1.6477007859643045
794,"Jos haluat olla tapahtumien lähellä, sinun tarvitsee saapua ajoissa paikalle saadaksesi leirintäpaikan läheltä musiikkia.",1.4102820250050965
795,"Muista, että päälavojen musiikkiesitysten päätyttyäkin festivaaleilla saattaa olla paikkoja, joissa musiikin soittaminen jatkuu myöhään yöhön.",1.6113519057831323
796,Joillakin festivaaleilla on erillisiä leirintäalueita lapsiperheille.,2.0079410975215795
797,"Jos ylität Itämeren pohjoisosan talviaikaan, tarkista hytin sijainti, koska jään läpi kulkemisesta aiheutuu pahimpiin osiin hyvinkin kamalaa ääntä.",1.9484743496023749
798,Pietarin risteilyihin kuuluu kaupungissa vietettävää aikaa. Risteilymatkustajat on vapautettu viisumivaatimuksista (tarkista ehdot).,2.1805031980417713
799,"Kasinot yrittävät tyypillisesti parhaansa mukaan maksimoida asiakkaiden kuluttaman ajan ja rahan. Ikkunoita ja kelloja ei yleensä ole, ja uloskäyntien löytäminen voi olla vaikeaa.",1.5324730130712798
800,"Niillä on usein erityisiä ruoka-, juoma- ja viihdetarjouksia asiakkaiden pitämiseksi hyvällä tuulella – ja kasinon tiloissa.",1.7165601253576608
801,"Jotkin paikat tarjoavat alkoholijuomia talon piikkiin. Juopumus kuitenkin heikentää arvostelukykyä, ja kaikki hyvät uhkapelaajat tietävät selvänä pysymisen tärkeyden.",1.6018310601665902
802,"Kaikkien, jotka aikovat autoilla korkeilla leveysasteilla tai vuoristosolissa, tulee ottaa huomioon lumen, jään tai erittäin kylmien lämpötilojen mahdollisuus.",1.8331735199773485
803,"Jäisillä ja lumisilla teillä kitkaa on vähän, etkä voi ajaa samalla tavalla kuin ajaisit asfaltilla.",1.8133545816131094
804,"Lumimyrskyn aikana lunta voi sataa hyvin lyhyessä ajassa niin paljon, että auto jää kiinni.",1.4943327146355287
805,Lumisade tai tuulessa lentävä lumi sekä ajoneuvon ikkunoihin kertynyt kosteus tai jää saattavat myös heikentää näkyvyyttä.,1.8966494843269814
806,"Toisaalta jäiset ja lumiset olosuhteet ovat tavallisia monissa maissa, ja liikenne toimii yleensä vuoden ympäri ilman keskeytyksiä.",1.5906469629285573
807,Safarit ovat Afrikan ehkä suurin vetonaula ja monille vierailun kohokohta.,1.9935162409654237
808,"Kansanomaisesti sana safari viittaa maateitse matkustamiseen, jonka tarkoituksena on katsella Afrikan upeaa eläimistöä, erityisesti savannilla.",1.903102613133432
809,"Jotkin eläimet, kuten norsut ja kirahvit, tulevat usein autojen lähelle, ja tavallinen välineistö riittää hyvin niiden katselemiseen.",1.5847130484575285
810,"Leijonat, gepardit ja leopardit ovat joskus ujoja, ja näet ne paremmin kiikareilla.",2.2055801758559337
811,"Kävelysafari (jota kutsutaan myös pensaikkokävelyksi, retkeilysafariksi ja patikoinniksi) tarkoittaa joko muutaman tunnin tai useita päiviä kestävää retkeilyä.",2.109025696390506
812,Paralympialaiset järjestetään 24.8.–5.9.2021. Osa tapahtumista pidetään muilla paikkakunnilla eri puolilla Japania.,1.9307506736823068
813,"Tokiosta tulee ainoa Aasian kaupunki, joka on isännöinyt kaksia kesäolympialaisia, sillä se toimi vuoden 1964 kisojen isäntänä.",1.8931472332655954
814,"Jos varasit lentosi tai majoituksen vuodelle 2020 ennen kuin lykkäyksestä ilmoitettiin, tilanteesi voi olla hankala.",1.6359653958928861
815,"Peruutuskäytännöt vaihtelevat, mutta maaliskuun lopun tilanteen perusteella suurin osa koronavirukseen perustuvista peruutuskäytännöistä ei ulotu heinäkuuhun 2020, jolloin olympialaiset oli määrä järjestää.",1.536801489591946
816,Useimpien tapahtumien lippujen odotetaan maksavan 2 500–130 000 jeniä lippujen maksaessa tavallisesti noin 7 000 jeniä.,1.675557538393761
817,"Kosteiden vaatteiden silittäminen voi auttaa niitä kuivumaan. Monissa hotelleissa on mahdollista lainata silitysrautaa ja -lautaa, vaikkei niitä ei olisi itse huoneessa.",1.6200033981067836
818,"Jos silitysrautaa ei ole saatavilla tai jos et erityisemmin piittaa silitetyistä sukista, voit kokeilla hiustenkuivaajaa, mikäli sellainen on saatavilla.",1.6420600275362036
819,"Varo, ettei kangas kuumene liikaa (koska se voi aiheuttaa kutistumista tai äärimmäisissä tapauksissa kärventymistä).",1.581540501574935
820,"Veden puhdistukseen on olemassa erilaisia keinoja, joista jotkin ovat tehokkaampia tiettyjä uhkia vastaan.",1.325573116355148
821,"Joillakin alueilla riittää, että vettä keitetään yhden minuutin ajan, toisilla alueilla tarvitaan useita minuutteja.",1.5082451489259276
822,"Suodattimien tehokkuus vaihtelee, ja jos sinulla on epäilyksiä, kannattaa harkita veden ostamista hyvämaineiselta yritykseltä suljetuissa pulloissa.",1.521091612458266
823,"Matkailijat voivat törmätä tuhoeläimiin, joihin he eivät ole tottuneet kotiseudullaan.",1.6370626336203526
824,"Tuholaiset voivat pilata ruoan, aiheuttaa ärsytystä tai pahemmassa tapauksessa allergisia reaktioita, levittää myrkkyä ja tartuttaa tauteja.",1.4889261788188175
825,"Varsinaisia tarttuvia tauteja tai sellaisia vaarallisia eläimiä, jotka voivat vahingoittaa tai tappaa ihmisiä väkivalloin, ei yleensä lasketa tuhoeläimiksi.",1.3876430944805922
826,"Verovapaat ostokset tarkoittavat mahdollisuutta ostaa tietyissä paikoissa tuotteita, jotka on vapautettu valmiste- ja myyntiveroista.",1.6758269224034739
827,Raskaan verotuksen maihin suuntaavat matkailijat saattavat joskus säästää huomattavia summia rahaa etenkin sellaisista tuotteista kuin alkoholijuomat ja tupakka.,1.7351210261815468
828,"Point Marionin ja Fairmontin välisellä osuudella vallitsevat Buffalon–Pittsburghin moottoritien haastavimmat ajo-olosuhteet, koska se toistuvasti kulkee syrjäisessä metsämaastossa.",2.173283456692872
829,"Jos et ole tottunut ajamaan maalaisteillä, pysy varuillasi: vastassa on paljon jyrkkiä nousuja ja laskuja, kapeita ajokaistoja ja jyrkkiä mutkia.",1.9538263026546814
830,Määrätyt nopeusrajoitukset ovat huomattavasti matalampia kuin aikaisemmilla ja myöhemmillä osuuksilla – yleensä 35–40 mailia tunnissa (56–64 kilometriä tunnissa) – ja niiden ehdoton noudattaminen on vielä tärkeämpää kuin yleensä.,1.6357733811089175
831,"Outoa kyllä, matkapuhelinkattavuus on paljon parempi täällä kuin monissa muissa paikoissa matkan varrella, kuten Pennsylvania Wildsin alueella.",1.5076573957490451
832,Saksalaiset leivonnaiset ovat varsin hyviä ja Baijerissa varsin tuhteja ja monipuolisia muistuttaen etelänaapuri Itävallan leivonnaisia.,2.0933001484571774
833,"Hedelmäleivonnaiset ovat yleisiä. Omenaleivonnaisia valmistetaan vuoden ympäri, ja kirsikat ja luumut ovat suosittuja täytteitä kesällä.",2.1070731666023685
834,"Monissa saksalaisissa leivonnaisissa on myös manteleita, hasselpähkinöitä ja muita pähkinöitä. Suositut kakut maistuvat usein erityisen hyvältä vahvan kahvikupillisen kanssa.",1.8804252522359908
835,"Jos kaipaat pieniä mutta tukevia leivonnaisia, maista sellaista, jonka nimi on seudusta riippuen joko Berliner, Pfannkuchen tai Krapfen.",2.4552358162051844
836,Curry on yrtteihin ja mausteisiin yhdessä joko lihan tai kasvisten kanssa perustuva ruokalaji.,1.9602839567925836
837,"Curry voi olla joko ""kuiva"" tai ""märkä"" nesteen määrästä riippuen.",2.113425544772308
838,Pohjois-Intian ja Pakistanin sisämaa-alueilla jugurttia käytetään yleisesti curryissa. Etelä-Intiassa ja joillain muilla niemimaan rannikkoalueilla käytetään tavallisesti kookosmaitoa.,2.0106512649389323
839,"Koska saaria on valittavana 17 000, indonesialainen ruoka on yläkäsite, joka kattaa laajan valikoiman alueellisia ruokakulttuureja ympäri maata.",1.8945769336187805
840,"Mutta mikäli käsitettä käytetään ilman lisämääritelmiä, sillä tarkoitetaan yleensä pääsaari Jaavan keski- ja itäosista lähtöisin olevaa ruokaa.",2.0086339001824514
841,"Jaavalaista keittiötä on nykyään laajalti saatavilla koko saariston alueella, ja siihen kuuluu iso kattaus yksinkertaisesti maustettuja ruokalajeja. Jaavalaisten suosimiin aromeihin kuuluvat maapähkinät, chilit, sokeri (erityisesti jaavalainen kookossokeri) ja monenlaiset aromaattiset mausteet.",2.0122050930325233
842,"Jalustimet ovat ratsastajan jalkatuet, jotka roikkuvat satulan kummallakin puolella.",1.942181534826005
843,"Ratsastaja saa niistä enemmän vakautta, mutta niihin voi liittyä turvallisuushuolia, koska ratsastajan jalat saattavat takertua niihin.",1.466795074217905
844,"Jos ratsastaja putoaa hevosen selästä, mutta jalka jää kiinni jalustimeen, karkaava hevonen saattaa käydä vetämään häntä perässään. Tämän riskin supistamiseksi voidaan ryhtyä erinäisiin varotoimenpiteisiin.",1.7736920893406045
845,"Ensinnäkin useimmat ratsastajat käyttävät korollisia ratsastussaappaita, joissa on sileä ja varsin kapea pohja.",1.7775702383380583
846,"Joissakin satuloissa, etenkin englantilaisissa, on turvatanko, jonka ansiosta jalustinhihna irtoaa satulasta, jos putoava ratsastaja vetää sitä taaksepäin.",1.994781310678746
847,"Cochamón laakso – Chilen kiipeilykohde numero yksi, joka tunnetaan Etelä-Amerikan Yosemitena. Laaksossa on erilaisia suuria graniittiseinämiä ja kalliojyrkänteitä.",2.3357843436355163
848,Huipuilta on henkeäsalpaavat näkymät. Ympäri maailmaa saapuvat kiipeilijät muodostavat jatkuvasti uusia reittejä sen loputtomille seinämille.,1.7817604812679224
849,"Laskettelulajit, joita ovat laskettelu ja lumilautailu, ovat suosittuja urheilulajeja, joissa lasketaan lumista maata alas suksilla tai jalkoihin kiinnitetyllä lumilaudalla.",1.8377471985464728
850,"Laskettelu on tärkeä matkailuaktiviteetti, ja monet toisinaan hiihtopummeiksi kutsutut harrastajat suunnittelevat kokonaisia lomia tietyssä kohteessa laskettelun ympärille.",1.8733119534382094
851,Hiihtäminen on ajatuksena hyvin vanha – hiihtäjiä esittäviä luolamaalauksia on tehty jo vuonna 5000 eKr.!,2.412994923969918
852,"Alppihiihto urheiluna juontaa juurensa ainakin 1600-luvulle, ja vuonna 1861 norjalaiset avasivat ensimmäisen vapaa-ajan hiihtokeskuksen Australiaan.",1.7557242893045688
853,"Reppumatkailu suksin: tätä toimintaa kutsutaan myös erähiihdoksi, hiihtovaellukseksi tai retkihiihdoksi.",2.6426161967556627
854,"Se on sukua alppihiihtotyyliselle retkeilylle tai vuorikiipeilylle, mutta siihen ei yleensä kuulu sellaista, koska jälkimmäistä harrastetaan jyrkässä maastossa, ja se vaatii paljon jäykemmät sukset ja monot.",1.9767176356257596
855,Ajattele hiihtoreittiä ikään kuin samanlaisena vaellusreittinä.,1.957504391891944
856,"Hyvissä olosuhteissa voit edetä jonkin verran nopeammin kuin jalkaisin, mutta pääset vain hyvin harvoin samaan vauhtiin kuin hiihtäessäsi huolletuilla laduilla ja ilman painavaa reppua.",1.6142354527744356
857,"Eurooppa on suhteellisen pieni manner, mutta siellä on monia itsenäisiä maita. Tavallisissa olosuhteissa matkustaminen useiden maiden läpi tarkoittaisi viisumihakemusten täyttämistä ja passintarkastusten läpäisemistä moneen kertaan.",1.434312725094635
858,Schengen-alue toimii kuitenkin tässä suhteessa hieman niin kuin yhtenäinen valtio.,1.6922333101053437
859,"Niin kauan kuin pysyt tällä alueella, voit yleensä ylittää rajan joutumatta uudelleen passintarkastukseen.",1.3904712953410485
860,"Kun sinulla on Schengen-viisumi, sinun ei myöskään tarvitse anoa viisumia jokaiseen Schengen-jäsenmaahan erikseen, ja näin säästät aikaa, rahaa ja paperityön vaivaa.",2.196702604568946
861,"Ei ole olemassa yleismaailmallista määritelmää sille, mitkä tehdasvalmisteiset tavarat ovat antiikkia. Jotkin veroviranomaiset määrittelevät kaikki yli sata vuotta vanhat tavarat antiikiksi.",1.4646580726449927
862,Määritelmä vaihtelee maantieteellisen sijainnin mukaan. Esimerkiksi Pohjois-Amerikassa antiikiksi ‎lasketaan uudemmat esineet kuin Euroopassa.‎,1.935829713727448
863,"Käsityötuotteet saatetaan määritellä antiikiksi, vaikka ne olisivat uudempia kuin vastaavanlaiset massatuotetut tavarat.",1.6753051075580099
864,"Poronhoito on saamelaisten tärkeä elinkeino, ja siihen liittyvä kulttuuri on tärkeää myös monille muiden ammattien harjoittajille.",1.6171091983449921
865,"Edes perinteisesti kaikki saamelaiset eivät kuitenkaan ole osallistuneet suuren mittakaavan ‎poronkasvatukseen, vaan eläneet kalastuksesta, metsästyksestä ja vastaavista elinkeinoista ja pitäneet ‎poroja lähinnä vetojuhtina.‎",2.2565571810684024
866,Nykyisin monet saamelaiset työskentelevät moderneissa ammateissa. Matkailu on tärkeä tulonlähde Saamenmaassa.,2.1011926155183063
867,"Vaikka sana gypsy on laajalti käytössä etenkin muiden kuin romanien keskuudessa, usein sitä pidetään loukkaavana, koska se yhdistetään negatiivisiin stereotyyppeihin ja virheellisiin käsityksiin romanikansasta.",1.6917354586426783
868,"Jos vierailumaatasi koskee matkustustiedote, se saattaa vaikuttaa matkasairausvakuutukseesi ja matkanperuutusvakuutukseesi.",1.962999842555793
869,"Ehkä kannattaa pyytää neuvoa myös muilta valtioilta omasi lisäksi, vaikka heidän neuvonsa ovatkin heidän omille kansalaisilleen.",1.576488428179733
870,Yhtenä esimerkkinä yhdysvaltalaiset saattavat joutua Lähi-idässä toisenlaisiin tilanteisiin kuin eurooppalaiset tai arabit.,1.413552823992791
871,Tiedotukset ovat vain lyhyitä yhteenvetoja jonkin maan poliittisesta tilanteesta.,1.3233486952326818
872,"Esitetyt näkemykset ovat usein pintapuolisia, yleistettyjä ja liian yksinkertaistettuja verrattuna muualta saatavaan yksityiskohtaisempaan tietoon.",1.5696913357020827
873,"Vaarallinen sää on yleisnimitys kaikille vaarallisille sääilmiöille, jotka saattavat aiheuttaa vahinkoja, vakavia yhteiskunnallisia häiriöitä tai ihmishenkien menetystä.",1.4073818126578381
874,"Vaarallista säätä voi ilmetä kaikkialla maailmassa, ja sitä on eri tyyppejä, jotka voivat riippua maantieteestä, pinnanmuodostuksista ja ilmakehän olosuhteista.",1.5367266240412645
875,"Kova tuuli, raesade, suuri sademäärä ja maastopalot ovat vaarallisen sään muotoja ja seurauksia, kuten myös ukkosmyrskyt, pyörremyrskyt, vesipatsaat ja syklonit.",1.9766975057033398
876,"Vaarallisen sään alueellisiin ja kausi-ilmiöihin kuuluvat lumimyrskyt, jäämyrskyt ja hiekkamyrskyt.",2.2610328269997626
877,"Matkustajia suositellaan voimakkaasti olemaan tietoisia matkapaikkaan vaikuttavasta vaarallisen sään uhasta, koska se saattaa vaikuttaa matkasuunnitelmiin.",1.515625697573771
878,"Kaikkien, jotka haluavat vierailla sota-alueeksi tulkittavissa olevassa maassa, tulisi saada ammattimaista koulutusta.",1.3988887394058995
879,"Internet-haku ehdolla ""Vihamielisen ympäristön kurssi"" antaa todennäköisesti tulokseksi paikallisen yrityksen osoitteen.",1.8361102619759428
880,Kurssilla käydään yleensä läpi kaikki tässä käsitellyt aiheet paljon yksityiskohtaisemmin ja yleensä yhdistettynä käytännön kokemukseen.,1.445928638457233
881,"Kurssi kestää tavallisesti 2–5 päivää, ja siihen kuuluu roolileikkejä, paljon ensiapua sekä joskus aseharjoittelua.",1.8774445942183295
882,"Erämaassa selviytymistä käsittelevät kirjat ja lehdet ovat yleisiä, mutta sota-alueita käsittelevät julkaisut ovat harvassa.",1.637098370918498
883,"Sukupuolenkorjausleikkausta ulkomailla suunnittelevien matkailijoiden tulee varmistaa, että heillä on käyvät asiakirjat paluumatkaa varten.",1.6018331266416697
884,"Viranomaisten halukkuus myöntää passeja, joihin ei ole merkitty sukupuolta (X), tai päivittää asiakirjoja vastaamaan haluttua nimeä ja sukupuolta vaihtelee.",1.7681682035379318
885,Ulkomaisten viranomaisten halukkuus kunnioittaa näitä asiakirjoja vaihtelee aivan yhtä paljon.,1.484411386871388
886,Turvatarkastuksista on myös tullut paljon tunkeilevampia syyskuun 11. päivän 2001 jälkeen.,1.5168938293413132
887,"Transsukupuolisten, jotka eivät ole käyneet leikkauksessa, ei kannata olettaa selviävänsä turvaskannereista säilyttäen yksityisyytensä ja arvokkuutensa.",1.6052459459372124
888,Paluuvirtaukset ovat rantaan murtuvien aaltojen palautuvaa virtausta. Usein niitä tavataan riutoilla tai vastaavanlaisissa paikoissa.,1.7837834892446953
889,"Vedenalaisten pinnanmuodostusten vuoksi paluuvirtaus keskittyy muutamaan syvempään osaan, ja siellä voi muodostua nopea virtaus syvään veteen.",1.8249499011395633
890,"Useimmat kuolemat ovat seurausta uupumuksesta, kun yritetään uida vastavirtaan, mikä saattaa olla mahdotonta.",1.2906174916321878
891,"Heti kun pääset pois virrasta, uiminen takaisin ei ole sen vaikeampaa kuin yleensä.",1.636096833794573
892,"Yritä suunnata jonnekin, missä et jää uudestaan virran vietäväksi, tai taidoistasi riippuen ja siitä, onko sinut huomattu, voi olla viisasta odottaa pelastajia.",1.61727256598799
893,"Paluušokki iskee aiemmin kuin kulttuurišokki (totutteluvaihe on lyhyempi), kestää pidempään ja voi olla vakavampi.",2.395076016576544
894,"Matkailijoiden, joiden oli helppo mukautua uuteen kulttuuriin, on joskus erityisen hankalaa sopeutua taas omaan kotikulttuuriinsa.",1.444747910478044
895,"Kun palaat kotiin ulkomailla asumisen jälkeen, olet sopeutunut uuteen kulttuuriin ja menettänyt joitakin kotikulttuurisi tapoja.",1.356769068864887
896,"Kun ensiksi menit ulkomaille, ihmiset olivat todennäköisesti kärsivällisiä ja ymmärtäväisiä tietäessään, että matkustajien tarvitsee tottua uuteen maahan.",1.2491922053907734
897,"Ihmiset eivät välttämättä käsitä, että kärsivällisyys ja ymmärrys ovat myös tärkeitä kotiin palaaville matkaajille.",1.1420520911496195
898,Pyramidien ääni- ja valoshow on lapsille yksi alueen kiinnostavimmista asioista.,1.729257899615282
899,"Pyramidit voi nähdä pimeässä, ja ennen esityksen alkua ne voi nähdä täydessä hiljaisuudessa.",1.5559239915331535
900,Yleensä kuulee aina matkailijoiden ja kaupustelijoiden äänen. Valon ja äänen tarina on ihan kuin satukirja.,1.7193270838684966
901,Sfinksi on pitkän tarinan tausta ja sen kertoja.,2.0887455757530926
902,"Kohtauksia esitetään pyramideja vasten, ja eri pyramideja valaistaan.",1.6846650793845568
903,"Monet valtiot ovat vaatineet itselleen Eteläisiä Shetlandsaaria, jotka löydettiin vuonna 1819, ja niillä onkin eniten tukikohtia. Vuonna 2020 aktiivisia tukikohtia oli kuusitoista.",1.6377133996173117
904,"Saaristo sijaitsee 120 kilometriä niemimaan pohjoispuolella. Suurin on Kuningas Yrjön saari, jossa sijaitsee Villa Las Estrellasin asutuskeskus.",1.9788657072433768
905,"Muita ovat Livingstoninsaari ja Deception, jossa veden täyttämä edelleen toimivan tulivuoren kraatteri toimii huikeana luonnonsatamana.",2.4231043036893998
906,Ellsworthinmaa on Bellingshauseninmeren rajoittama alue niemimaan eteläpuolella.,2.7838295109292144
907,"Niemimaan vuoret sulautuvat siellä tasankoon ja kohoavat sitten jälleen esiin muodostaakseen 360 kilometrin pituiset Ellsworthinvuoret, jotka Minnesotan jäätikkö jakaa kahtia.",2.0238560472380245
908,"Pohjoisosassa eli Sentinelvuorilla sijaitsevat Etelämantereen korkeimmat vuoret eli Vinsonin massiivi, jonka korkein huippu on Mount Vinson 4 892 metrillään.",2.4076762079349763
909,"Syrjäisillä alueilla, joilla matkapuhelimilla ei ole kuuluvuutta, satelliittipuhelin voi olla ainoa vaihtoehto.",1.3307584437362607
910,"Satelliittipuhelimesta ei ole yleensä matkapuhelimen korvaajaksi, koska puhelun soittaaksesi joudut olemaan ulkona ja pitämään esteettömän näkyvyyden satelliittiin.",1.6833090045111083
911,"Palvelua käytetään usein merenkulussa, myös huvipursilla. Samaten sitä käyttävät retkikunnat, jotka ‎tarvitsevat datan ja äänen etäyhteyksiä.‎",2.400741227597115
912,Paikallinen puhelinpalveluidesi tarjoaja pystyy luultavasti antamaan lisätietoja kyseiseen palveluun yhdistämisestä.,1.400764674295323
913,Matkustaminen ja oppiminen on yhä suositumpi vaihtoehto välivuotta suunnittelevien parissa.,1.7580009420038476
914,"Se on erityisen suosittua koulunsa päättävien keskuudessa, koska he voivat pitää vapaavuoden ennen yliopistoa ilman, että heidän koulutuksensa kärsisi.",1.4059279474152269
915,Monissa tapauksissa osallistuminen välivuoden kurssille ulkomailla voi jopa parantaa mahdollisuuksia jatkaa korkeakouluopintoihin omassa kotimaassa.,1.7200948387488704
916,Tyypillisesti näihin opetusohjelmiin osallistumisesta peritään kurssimaksu.,1.886596883584298
917,"Suomi on erinomainen veneilykohde. Tuhansien järvien maassa on myös tuhansia saaria, sekä järvissä että rannikon saaristoissa.",1.7855082881640012
918,Saaristoissa ja järvillä et välttämättä tarvitse purren kokoista venettä.,1.7886987281111413
919,"Vaikka rannikon saaristot ja suurimmat järvet ovatkin kyllin suuria mille tahansa veneille, pienemmistä veneistä tai jopa kajakista saa erilaisen kokemuksen.",1.6465803551802864
920,"Veneily on yleinen vapaa-ajan harrastus Suomessa, jossa veneitä on joka seitsemättä tai kahdeksatta ihmistä kohti.",1.8881257135229421
921,"Suhde on sama kuin Norjassa, Ruotsissa ja Uudessa-Seelannissa, mutta muuten erittäin harvinainen (esim. Alankomaissa luku on yksi neljästäkymmenestä).",1.481790925910189
922,Useimpiin varsinaisiin Itämeren risteilyihin kuuluu pidempi käynti Pietarissa.,1.9954357799734803
923,"Tämä tarkoittaa, että voit vierailla historiallisessa kaupungissa muutaman päivän ajan ja palata silti yöksi laivalle nukkumaan.",1.0806344125701648
924,"Et tarvitse erillistä viisumia, jos käyt maissa vain laivan järjestämillä retkillä (vuoden 2009 tilanne).",1.8975240414274057
925,"Muutamien risteilyjen esitteissä on mukana Saksan Berliini. Kuten yllä olevasta kartasta nähdään, Berliini ei ole lähelläkään merta, joten vierailu kaupunkiin ei kuulu risteilyn hintaan.",1.7126848125466319
926,"Lentokoneella matkustaminen voi olla pelottava kokemus kaikenikäisille ja -taustaisille ihmisille, etenkin jos he eivät ole aiemmin lentäneet tai kokeneet jotakin traumaattista.",1.365544828562117
927,Sitä ei ole syytä hävetä: se ei poikkea monien muiden ihmisten omista peloista ja inhosta joitakin muita asioita kohtaan.,1.5191501699585428
928,"Joidenkuiden kohdalla jonkinlainen käsitys lentokoneen toiminnasta ja siitä, mitä lennon aikana tapahtuu, saattaa auttaa voittamaan tietämättömyydestä tai avuttomuuden tunteesta johtuvan pelon.",1.36868277580971
929,"Kuljetusyrityksille maksetaan nopeista toimituksista hyvin. Usein nopeus on hyvin tärkeää yritysten asiakirjoille, kauppatavaroille tai kiireisiin korjaustöihin tarvittaville varaosille.",1.6313676870786513
930,"Suuremmilla yrityksillä on joillakin reiteillä omia lentokoneitaan, mutta toisilla reiteillä ja pienemmillä yhtiöillä oli ongelma.",1.640144247678672
931,"Jos ne lähettivät tavaroita ilmarahdilla, niin joillain reiteillä rahdin purkaminen ja tullaus saattoi kestää päiväkausia.",2.0911881391463596
932,"Ainoa tapa saada tavara nopeammin läpi oli lähettää se kirjattuna matkatavarana. Lentoyhtiöiden sääntely ei salli matkatavaroiden lähettämistä ilman matkustajaa, joten tässä vaiheessa tarvitaan sinua.",1.5226002167544106
933,Itsestään selvä tapa lentää ensimmäisessä tai business-luokassa on maksaa iso setelitukko rahaa tästä etuoikeudesta (tai ehkä mieluummin antaa firmasi tehdä sen puolestasi).,2.0045724535575946
934,Se ei kuitenkaan onnistu halvalla: karkean nyrkkisäännön mukaan voit odottaa maksavasi business-luokasta jopa nelinkertaisen hinnan turistiluokkaan verrattuna ja ykkösluokasta yksitoistakertaisen hinnan!,1.8210067182406837
935,Suorilla lennoilla paikasta A paikkaan B ei yleisesti ottaen kannata edes etsiä alennuksia businessluokan tai ensimmäisen luokan paikoille.,1.9503888556573092
936,"Lentoyhtiöt tietävät, että on olemassa tietty lentomatkustajien ydinryhmä, joka on valmis maksamaan maltaita päästäkseen jonnekin nopeasti ja mukavasti, ja veloittavat sen mukaisesti.",1.2813289862006492
937,"Moldovan pääkaupunki on Chişinău. Paikallinen kieli on romania, mutta myös venäjää puhutaan laajalti.",2.3793142194191783
938,"Moldova on monikansallinen tasavalta, joka on kärsinyt etnisestä konfliktista.",1.5422049435265268
939,"Konflikti johti vuonna 1994 Itä-Moldovassa sijaitsevan Transnistrian tasavallan julistautumiseen itsenäiseksi. Sillä on oma hallintonsa ja valuuttansa, mutta mikään YK:n jäsenmaa ei tunnusta sitä.",1.8651189121745944
940,"Näiden kahden Moldovan osan välille on muodostunut jälleen taloudellisia siteitä, vaikka poliittiset neuvottelut ovat epäonnistuneet.",1.472304898198606
941,Moldovan pääuskonto on ortodoksinen kristinusko.,2.4943753716006705
942,"İzmirissä on Turkin kolmanneksi suurin kaupunki. Sen väkiluku on noin 3,7 miljoonaa asukasta, se on maan toiseksi suurin satama Istanbulin jälkeen ja erittäin hyvä liikenteen solmukohta.",1.7290947831323902
943,"Muinainen Smyrnan kaupunki on nykyisin moderni, kehittynyt ja vilkas kaupankäynnin keskus, joka on vuorten saartama ja levittyy valtavan lahden ympärille.",1.8431745742895214
944,"Leveiden bulevardien, lasipintaisten rakennusten ja uudenaikaisten kauppakeskusten lomassa on perinteisiä punatiilisiä kattoja, 1700-luvun tori ja vanhoja moskeijoita ja kirkkoja, vaikka kaupungin tunnelma muistuttaa enemmän välimerellistä Eurooppaa kuin perinteistä Turkkia.",1.888683643104399
945,"Haldarsvíkissä on epätavallinen kahdeksankulmainen kirkko, ja kylästä avautuu näkymä läheiselle Eysturoy-saarelle.",2.311086496787435
946,Kirkkomaalla on mielenkiintoisia kyyhkysveistoksia joidenkin hautakivien päällä.,1.8516924863506363
947,Kannattaa käyttää puoli tuntia käyskentelyyn kiehtovassa kylässä.,1.745450547745438
948,"Sieltä pohjoiseen ja helposti saavutettavissa on romanttinen ja kiehtova Sintran kaupunki. Ulkomaalaiset oppivat tuntemaan sen lordi Byronin kirjoittamasta ylistävästä selostuksesta, jossa hän kuvasi sen loistoa.",1.6395059119793352
949,ScottUrbin linja-auto 403 kulkee säännöllisesti Sintraan ja pysähtyy Cabo da Rocassa.,2.7319830463757255
950,"Pohjoisen suunnalla kannattaa käydä myös suuressa Fatiman Neitsyt Marian pyhätössä, joka on maailmanlaajuisesti kuuluisa Marian ilmestymisestä.",1.660073260511408
951,"Muistathan, että olet käytännössä käymässä joukkohaudalla ja kohteessa, jonka merkitys merkittävälle osalle maapallon ihmisistä on lähes mittaamattoman suuri.",1.4184261031486582
952,"Vieläkin elää monia miehiä ja naisia, jotka jäivät eloon siellä oltuaan, ja monia muita, joiden läheisiä murhattiin siellä tai pakotettiin raatamaan siellä itsensä hengiltä, yhtä lailla juutalaisia kuin ei-juutalaisia.",1.4704659283922783
953,"Muista kohdella paikkaa kaikella sillä arvokkuudella, vakavuudella ja kunnioituksella, jonka se ansaitsee. Älä vitsaile holokaustista tai natseista.",1.6151810338408703
954,Älä turmele paikkaa piirtämällä tai raaputtamalla graffiteja rakenteisiin.,1.7267894075272774
955,"Barcelonan viralliset kielet ovat katalaani ja espanja. Noin puolet väestöstä puhuu mieluummin katalaania, valtaosa ymmärtää sitä, ja käytännössä kaikki osaavat espanjaa.",1.84133091606796
956,"Useimmat kyltit on kuitenkin merkitty vaan katalaaniksi, koska se on lain mukaan ensimmäinen virallinen kieli.",1.4705328657038792
957,Silti espanjaa käytetään yleisesti myös joukkoliikenteessä ja muissa palveluissa.,1.657371242523944
958,"Metron tavalliset kuulutukset ovat vain katalaaniksi, mutta automaattinen järjestelmä ilmoittaa odottamattomista häiriöistä monilla eri kielillä, mm. espanjaksi, englanniksi, ranskaksi, arabiaksi ja japaniksi.",1.6863037359017914
959,"Pariisilaisilla on maine itsekeskeisinä, töykeinä ja ylimielisinä ihmisinä.",1.6208607753259596
960,"Vaikka kyseessä on usein pelkkä paikkansapitämätön stereotyyppi, paras tapa pärjätä Pariisissa on silti olla mahdollisimman säällisesti ja käyttäytyä kuin joku, joka on ""bien élevé"" (hyvin kasvatettu). Se tekee liikkumisesta huomattavasti helpompaa.",1.7314719747008136
961,"Pariisilaisten töykeä ulkokuori haihtuu nopeasti, jos osoitat aivan tavallista kohteliaisuutta.",1.6775181103093564
962,"Plitvicen kansallispuistossa on paljon metsää, pääosassa pyökkejä, kuusia ja mäntyjä, ja sen kasvillisuus on sekoitus Alppien ja Välimeren kasveja.",2.0477109691978286
963,"Siellä on huomattavan laaja kirjo kasviyhteisöjä monenlaisten mikroilmastojen, vaihtelevan maaperän ja korkeuserojen vuoksi.",1.8370520138219164
964,Alueella asuu myös tavattoman paljon erilaisia eläin- ja lintulajeja.,1.868742387736773
965,"Tavallisempien lajien ohella sieltä voi tavata harvinaista eläimistöä, kuten karhuja, susia, kotkia, pöllöjä, ilveksiä, villikissoja ja metsoja",2.053723354255662
966,"Luostareissa vierailevien naisten tulee käyttää polvet peittäviä hameita, ja myös olkapäät on peitettävä.",1.8723939495867723
967,"Mutta jos tuot oman huivisi, erityisesti kirkkaanvärisen, niin saatat saada hymyn sisäänkäynnillä olevalta munkilta tai nunnalta.",1.6474580009642628
968,Samaten miesten tarvitsee olla pukeutuneita polven alapuolelle ulottuviin housuihin.,1.6973125710103376
969,"Nekin voi lainata sisäänkäynnin vaatevalikoimasta, mutta niitä ei pestä jokaisen käyttökerran jälkeen, joten et ehkä tunne oloasi mukavaksi näissä hameissa. Yksi koko sopii kaikille miehille!",1.6587016198278957
970,"Mallorcalainen keittiö perustuu samanlaisten Välimeren vyöhykkeiden keittiöiden tavoin leipään, vihanneksiin ja lihaan (etenkin sianlihaan) ja käyttää kaikkeen oliiviöljyä.",2.0733213450404326
971,"Yksinkertainen suosittu päivällinen erityisesti kesällä on pa amb oli: leipää oliiviöljyn ja tomaatin sekä minkä tahansa saatavilla olevan lisukkeen, kuten esimerkiksi juuston tai tonnikalan, kanssa.",1.8596227463878974
972,"Kaikki substantiivit, ja lisäksi sana ""Sie"" eli ""te"", alkavat aina isolla alkukirjaimella, jopa lauseen keskellä.",2.0756624973316002
973,Tämä on tärkeä keino erottaa jotkin verbit esineistä.,1.795061714578963
974,"Se voi myös tehdä lukemisesta helpompaa, joskin kirjoittamista monimutkaistaa tarve selvittää, käytetäänkö verbiä tai adjektiivia substantivoidussa muodossa.",1.73703231027894
975,"Italian ääntäminen on suhteellisen helppoa, koska useimmat sanat lausutaan juuri niin kuin ne on kirjoitettu.",1.4344298765642838
976,"Kirjaimiin C ja G on syytä kiinnittää eniten huomiota, sillä niiden ääntäminen riippuu seuraavasta vokaalista.",1.878526045054976
977,"Muista myös ääntää r ja rr eri tavalla. Caro tarkoittaa rakasta, carro vaunuja.",2.835485401392029
978,Persian kielioppi on melko helppo ja enimmäkseen säännöllinen.,1.5544930842999003
979,Sen vuoksi tämän kielioppikirjan lukeminen auttaisi oppimaan monia asioita persian kieliopista ja parantaisi lauseitten ymmärtämistä.,1.6725222072327053
980,"Sanomattakin on selvää, että jos osaat jotakin romaanista kieltä, niin portugalin oppiminen on helpompaa.",1.557082411976746
981,"Kuitenkin vähän espanjaa osaavat saattavat äkkiseltään kuvitella portugalin olevan niin lähellä, ettei sitä tarvitsisi opiskella erikseen.",1.7063258406253297
982,"Nykypäivänä vanhanaikaisia observatorioita ei yleensä käytetä alkuperäiseen tarkoitukseensa, vaan ne on muutettu museoiksi tai oppimisympäristöiksi.",1.4920737327833045
983,"Koska valosaaste ei ollut niiden kunnian päivinä samanlainen ongelma kuin nykyään, ne sijaitsevat yleensä kaupungeissa tai kampuksilla, ja niihin on helpompi päästä kuin nykyaikana rakennettuihin.",1.4917628564503287
984,"Useimmat modernit tutkimusteleskoopit ovat valtavia laitoksia, ja ne sijaitsevat kaukaisilla seuduilla, joissa ilmakehän olosuhteet ovat otollisia.",1.3502280328154717
985,Kirsikankukkien katselu eli hanami on ollut osa japanilaista kulttuuria 700-luvulta asti.,1.8634154653867046
986,"Ajatus saatiin Kiinasta, jossa suosituin kukka oli japaninaprikoosi.",2.2588122049969357
987,Japanissa keisari järjesti ensimmäiset kirsikankukkajuhlat vain itselleen ja muille keisarillisen hovin piirissä ‎vaikuttavan aristokratian jäsenille.‎,2.2430266894197404
988,"Kasvit näyttävät parhailta luonnollisessa ympäristössään, joten vastusta kiusausta ottaa edes ""ihan vain yksi"" näytteeksi.",1.7107555684664872
989,"Jos käyt virallisessa ja hoidetussa puutarhassa, lennät ""näytteiden"" keräämisestä ulos ilman mitään muttia.",1.7573772841978257
990,"Singapore on yleisesti ottaen äärimmäisen turvallinen paikka oleskella, ja siellä on hyvin helppo löytää tiensä. Voit ostaa saapumisen jälkeen lähes mitä tahansa.",1.4812835653698446
991,"Mutta ollessasi tropiikin sydämessä vain muutama aste päiväntasaajan pohjoispuolella, joudut kestämään sekä kuumuutta (aina) että voimakasta auringonpaistetta (kun taivas on selkeä, mitä tapahtuu harvemmin).",1.8305318905386074
992,"Lisäksi jokunen linja-auto kulkee pohjoiseen Hebroniin, perinteen mukaan Raamatun patriarkkojen Abrahamin, Iisakin ja Jaakobin sekä heidän vaimojensa hautapaikkaan.",1.7991316855153912
993,"Tarkista, että linja-auto, johon aiot nousta, myös menee Hebroniin eikä vain läheiseen Kiryat Arban juutalaissiirtokuntaan.",2.092094550568123
994,"Sisämaan vesiväylät voivat olla hyvä teema, jonka ympärille suunnitella loman.",1.9620054571530892
995,"Esimerkiksi vierailu Loiren laakson linnoissa, Reinin laakso tai risteily kiintoisiin kaupunkeihin Tonavan varrella tai veneily Erien kanavassa.",2.2414729725885674
996,Ne määräävät myös suosittujen patikointi- ja pyöräreittien kulun.,1.8668379135984798
997,"Joulu on yksi kristinuskon tärkeimmistä juhlapyhistä, ja sitä vietetään Jeesuksen syntymäpäivänä.",1.480360390342947
998,Myös kristillisten maiden ei-uskovaiset ja muut kuin kristityt ympäri maailman ovat ottaneet käyttöön monia juhlaan liittyviä perinteitä.,1.5409942783670607
999,Perinteen mukaan pääsiäisyö vietetään hereillä jossakin aukeassa paikassa auringonnousun näkemiseksi.,1.799426699928053
1000,"Tälle perinteelle on tietenkin olemassa kristillisiä teologisia selityksiä, mutta kyseessä voi hyvinkin olla kristinuskoa edeltävä kevät- ja hedelmällisyysrituaali.",1.5814172873602077
1001,Perinteisemmät kirkot toimittavat usein pääsiäisyön messun pääsiäisviikonlopun lauantai-iltana. Seurakunta puhkeaa usein juhlimaan keskiyön hetkellä juhlistaakseen Kristuksen ylösnousemusta.,1.8259343152483611
1002,"Kaikki saarelle alun perin saapuneet eläimet tulivat sinne uimalla, lentämällä tai kellumalla.",1.7553813382950039
1003,"Koska mannermaa oli hyvin kaukana, nisäkkäät eivät kyenneet selviytymään matkasta, joten jättiläiskilpikonnasta tuli Galapagossaarten pääasiallinen ruohoa syövä eläin.",1.6585521425602614
1004,"Sen jälkeen kun ihminen saapui Galapagossaarille, sinne on tuotu monia nisäkkäitä, mm. vuohia, hevosia, lehmiä, rottia, kissoja ja koiria.",1.837767405045585
1005,"Jos vierailet arktisella tai antarktisella alueella talvella, tulet kokemaan kaamoksen, jolloin aurinko ei nouse horisontin yläpuolelle.",1.754566518504301
1006,"Se tarjoaa hyvän tilaisuuden nähdä revontulia, koska taivas on pimeä likimain kellon ympäri.",1.6003918257402412
1007,"Koska alueet ovat harvaan asuttuja ja valosaaste ei näin ollen ole ongelma, voit ihailla myös tähtiä.",1.9343071963661207
1008,Japanilainen työkulttuuri on hierarkisempi ja muodollisempi kuin mihin länsimaalaiset ovat saattaneet tottua.,1.6592829606085917
1009,"Puvut ovat tavallinen työasu, ja kollegat kutsuvat toisiaan sukunimellä tai tittelillä.",1.6483881258024917
1010,Sopusointu työpaikalla on ehdottoman tärkeää. Henkilökohtaisten saavutusten sijaan korostetaan ryhmätyötä.,1.5592807429871225
1011,"Työntekijöiden täytyy usein saada esimiehen hyväksyntä kaikille tekemilleen päätöksille, ja heidän odotetaan tottelevan esimiehen ohjeita muitta mutkitta.",1.646916299765435
